#Datos a graficar con Gnuplot, e1, e2, tan, sag
-2.000000e-03 -2.000000e-03 0.000000e+00 0.000000e+00
-2.000000e-03 -1.900000e-03 0.000000e+00 0.000000e+00
-2.000000e-03 -1.800000e-03 0.000000e+00 0.000000e+00
-2.000000e-03 -1.700000e-03 0.000000e+00 0.000000e+00
-2.000000e-03 -1.600000e-03 0.000000e+00 0.000000e+00
-2.000000e-03 -1.500000e-03 0.000000e+00 0.000000e+00
-2.000000e-03 -1.400000e-03 0.000000e+00 0.000000e+00
-2.000000e-03 -1.300000e-03 0.000000e+00 0.000000e+00
-2.000000e-03 -1.200000e-03 0.000000e+00 0.000000e+00
-2.000000e-03 -1.100000e-03 0.000000e+00 0.000000e+00
-2.000000e-03 -1.000000e-03 0.000000e+00 0.000000e+00
-2.000000e-03 -9.000000e-04 0.000000e+00 0.000000e+00
-2.000000e-03 -8.000000e-04 0.000000e+00 0.000000e+00
-2.000000e-03 -7.000000e-04 0.000000e+00 1.942182e-03
-2.000000e-03 -6.000000e-04 0.000000e+00 1.317103e-03
-2.000000e-03 -5.000000e-04 1.739151e-03 1.137376e-03
-2.000000e-03 -4.000000e-04 1.266204e-03 1.036848e-03
-2.000000e-03 -3.000000e-04 1.104458e-03 9.690047e-04
-2.000000e-03 -2.000000e-04 1.010999e-03 9.188283e-04
-2.000000e-03 -1.000000e-04 9.470966e-04 8.797083e-04
-2.000000e-03 5.421011e-20 8.995841e-04 8.482158e-04
-2.000000e-03 1.000000e-04 8.625322e-04 8.223942e-04
-2.000000e-03 2.000000e-04 8.328428e-04 8.010731e-04
-2.000000e-03 3.000000e-04 8.087658e-04 7.835585e-04
-2.000000e-03 4.000000e-04 7.892999e-04 7.694886e-04
-2.000000e-03 5.000000e-04 7.739310e-04 7.587814e-04
-2.000000e-03 6.000000e-04 7.625362e-04 7.516489e-04
-2.000000e-03 7.000000e-04 7.554007e-04 7.486984e-04
-2.000000e-03 8.000000e-04 7.533739e-04 7.511872e-04
-2.000000e-03 9.000000e-04 7.582971e-04 7.616573e-04
-2.000000e-03 1.000000e-03 7.741725e-04 7.857232e-04
-2.000000e-03 1.100000e-03 8.110120e-04 8.386555e-04
-2.000000e-03 1.200000e-03 9.039646e-04 9.884210e-04
-2.000000e-03 1.300000e-03 1.567126e-03 0.000000e+00
-2.000000e-03 1.400000e-03 0.000000e+00 0.000000e+00
-2.000000e-03 1.500000e-03 0.000000e+00 0.000000e+00
-2.000000e-03 1.600000e-03 0.000000e+00 0.000000e+00
-2.000000e-03 1.700000e-03 0.000000e+00 0.000000e+00
-2.000000e-03 1.800000e-03 0.000000e+00 0.000000e+00
-2.000000e-03 1.900000e-03 0.000000e+00 0.000000e+00
-2.000000e-03 2.000000e-03 5.226961e-08 5.092925e-08
-2.000000e-03 2.100000e-03 2.664405e-04 2.641178e-04
-1.900000e-03 -2.000000e-03 0.000000e+00 0.000000e+00
-1.900000e-03 -1.900000e-03 0.000000e+00 0.000000e+00
-1.900000e-03 -1.800000e-03 0.000000e+00 0.000000e+00
-1.900000e-03 -1.700000e-03 0.000000e+00 0.000000e+00
-1.900000e-03 -1.600000e-03 0.000000e+00 0.000000e+00
-1.900000e-03 -1.500000e-03 0.000000e+00 0.000000e+00
-1.900000e-03 -1.400000e-03 0.000000e+00 0.000000e+00
-1.900000e-03 -1.300000e-03 0.000000e+00 0.000000e+00
-1.900000e-03 -1.200000e-03 0.000000e+00 0.000000e+00
-1.900000e-03 -1.100000e-03 0.000000e+00 0.000000e+00
-1.900000e-03 -1.000000e-03 0.000000e+00 0.000000e+00
-1.900000e-03 -9.000000e-04 0.000000e+00 0.000000e+00
-1.900000e-03 -8.000000e-04 0.000000e+00 1.942182e-03
-1.900000e-03 -7.000000e-04 0.000000e+00 1.317103e-03
-1.900000e-03 -6.000000e-04 1.739151e-03 1.137376e-03
-1.900000e-03 -5.000000e-04 1.266204e-03 1.036848e-03
-1.900000e-03 -4.000000e-04 1.104458e-03 9.690047e-04
-1.900000e-03 -3.000000e-04 1.010999e-03 9.188283e-04
-1.900000e-03 -2.000000e-04 9.470966e-04 8.797083e-04
-1.900000e-03 -1.000000e-04 8.995841e-04 8.482158e-04
-1.900000e-03 5.421011e-20 8.625322e-04 8.223942e-04
-1.900000e-03 1.000000e-04 8.328428e-04 8.010731e-04
-1.900000e-03 2.000000e-04 8.087658e-04 7.835585e-04
-1.900000e-03 3.000000e-04 7.892999e-04 7.694886e-04
-1.900000e-03 4.000000e-04 7.739310e-04 7.587814e-04
-1.900000e-03 5.000000e-04 7.625362e-04 7.516489e-04
-1.900000e-03 6.000000e-04 7.554007e-04 7.486984e-04
-1.900000e-03 7.000000e-04 7.533739e-04 7.511872e-04
-1.900000e-03 8.000000e-04 7.582971e-04 7.616573e-04
-1.900000e-03 9.000000e-04 7.741725e-04 7.857232e-04
-1.900000e-03 1.000000e-03 8.110120e-04 8.386555e-04
-1.900000e-03 1.100000e-03 9.039646e-04 9.884210e-04
-1.900000e-03 1.200000e-03 1.567126e-03 0.000000e+00
-1.900000e-03 1.300000e-03 0.000000e+00 0.000000e+00
-1.900000e-03 1.400000e-03 0.000000e+00 0.000000e+00
-1.900000e-03 1.500000e-03 0.000000e+00 0.000000e+00
-1.900000e-03 1.600000e-03 0.000000e+00 0.000000e+00
-1.900000e-03 1.700000e-03 0.000000e+00 0.000000e+00
-1.900000e-03 1.800000e-03 0.000000e+00 0.000000e+00
-1.900000e-03 1.900000e-03 5.229252e-08 5.092925e-08
-1.900000e-03 2.000000e-03 2.664405e-04 2.641178e-04
-1.900000e-03 2.100000e-03 3.002569e-04 2.985507e-04
-1.800000e-03 -2.000000e-03 0.000000e+00 0.000000e+00
-1.800000e-03 -1.900000e-03 0.000000e+00 0.000000e+00
-1.800000e-03 -1.800000e-03 0.000000e+00 0.000000e+00
-1.800000e-03 -1.700000e-03 0.000000e+00 0.000000e+00
-1.800000e-03 -1.600000e-03 0.000000e+00 0.000000e+00
-1.800000e-03 -1.500000e-03 0.000000e+00 0.000000e+00
-1.800000e-03 -1.400000e-03 0.000000e+00 0.000000e+00
-1.800000e-03 -1.300000e-03 0.000000e+00 0.000000e+00
-1.800000e-03 -1.200000e-03 0.000000e+00 0.000000e+00
-1.800000e-03 -1.100000e-03 0.000000e+00 0.000000e+00
-1.800000e-03 -1.000000e-03 0.000000e+00 0.000000e+00
-1.800000e-03 -9.000000e-04 0.000000e+00 1.942182e-03
-1.800000e-03 -8.000000e-04 0.000000e+00 1.317103e-03
-1.800000e-03 -7.000000e-04 1.739151e-03 1.137376e-03
-1.800000e-03 -6.000000e-04 1.266204e-03 1.036848e-03
-1.800000e-03 -5.000000e-04 1.104458e-03 9.690047e-04
-1.800000e-03 -4.000000e-04 1.010999e-03 9.188283e-04
-1.800000e-03 -3.000000e-04 9.470966e-04 8.797083e-04
-1.800000e-03 -2.000000e-04 8.995841e-04 8.482158e-04
-1.800000e-03 -1.000000e-04 8.625322e-04 8.223942e-04
-1.800000e-03 5.421011e-20 8.328428e-04 8.010731e-04
-1.800000e-03 1.000000e-04 8.087658e-04 7.835585e-04
-1.800000e-03 2.000000e-04 7.892999e-04 7.694886e-04
-1.800000e-03 3.000000e-04 7.739310e-04 7.587814e-04
-1.800000e-03 4.000000e-04 7.625362e-04 7.516489e-04
-1.800000e-03 5.000000e-04 7.554007e-04 7.486984e-04
-1.800000e-03 6.000000e-04 7.533739e-04 7.511872e-04
-1.800000e-03 7.000000e-04 7.582971e-04 7.616573e-04
-1.800000e-03 8.000000e-04 7.741725e-04 7.857232e-04
-1.800000e-03 9.000000e-04 8.110120e-04 8.386555e-04
-1.800000e-03 1.000000e-03 9.039646e-04 9.884210e-04
-1.800000e-03 1.100000e-03 1.567126e-03 0.000000e+00
-1.800000e-03 1.200000e-03 0.000000e+00 0.000000e+00
-1.800000e-03 1.300000e-03 0.000000e+00 0.000000e+00
-1.800000e-03 1.400000e-03 0.000000e+00 0.000000e+00
-1.800000e-03 1.500000e-03 0.000000e+00 0.000000e+00
-1.800000e-03 1.600000e-03 0.000000e+00 0.000000e+00
-1.800000e-03 1.700000e-03 0.000000e+00 0.000000e+00
-1.800000e-03 1.800000e-03 5.229252e-08 5.002680e-08
-1.800000e-03 1.900000e-03 2.664405e-04 2.641178e-04
-1.800000e-03 2.000000e-03 3.002569e-04 2.985507e-04
-1.800000e-03 2.100000e-03 3.156997e-04 3.148226e-04
-1.700000e-03 -2.000000e-03 0.000000e+00 0.000000e+00
-1.700000e-03 -1.900000e-03 0.000000e+00 0.000000e+00
-1.700000e-03 -1.800000e-03 0.000000e+00 0.000000e+00
-1.700000e-03 -1.700000e-03 0.000000e+00 0.000000e+00
-1.700000e-03 -1.600000e-03 0.000000e+00 0.000000e+00
-1.700000e-03 -1.500000e-03 0.000000e+00 0.000000e+00
-1.700000e-03 -1.400000e-03 0.000000e+00 0.000000e+00
-1.700000e-03 -1.300000e-03 0.000000e+00 0.000000e+00
-1.700000e-03 -1.200000e-03 0.000000e+00 0.000000e+00
-1.700000e-03 -1.100000e-03 0.000000e+00 0.000000e+00
-1.700000e-03 -1.000000e-03 0.000000e+00 1.942182e-03
-1.700000e-03 -9.000000e-04 0.000000e+00 1.317103e-03
-1.700000e-03 -8.000000e-04 1.739151e-03 1.137376e-03
-1.700000e-03 -7.000000e-04 1.266204e-03 1.036848e-03
-1.700000e-03 -6.000000e-04 1.104458e-03 9.690047e-04
-1.700000e-03 -5.000000e-04 1.010999e-03 9.188283e-04
-1.700000e-03 -4.000000e-04 9.470966e-04 8.797083e-04
-1.700000e-03 -3.000000e-04 8.995841e-04 8.482158e-04
-1.700000e-03 -2.000000e-04 8.625322e-04 8.223942e-04
-1.700000e-03 -1.000000e-04 8.328428e-04 8.010731e-04
-1.700000e-03 5.421011e-20 8.087658e-04 7.835585e-04
-1.700000e-03 1.000000e-04 7.892999e-04 7.694886e-04
-1.700000e-03 2.000000e-04 7.739310e-04 7.587814e-04
-1.700000e-03 3.000000e-04 7.625362e-04 7.516489e-04
-1.700000e-03 4.000000e-04 7.554007e-04 7.486984e-04
-1.700000e-03 5.000000e-04 7.533739e-04 7.511872e-04
-1.700000e-03 6.000000e-04 7.582971e-04 7.616573e-04
-1.700000e-03 7.000000e-04 7.741725e-04 7.857232e-04
-1.700000e-03 8.000000e-04 8.110120e-04 8.386555e-04
-1.700000e-03 9.000000e-04 9.039646e-04 9.884210e-04
-1.700000e-03 1.000000e-03 1.567126e-03 0.000000e+00
-1.700000e-03 1.100000e-03 0.000000e+00 0.000000e+00
-1.700000e-03 1.200000e-03 0.000000e+00 0.000000e+00
-1.700000e-03 1.300000e-03 0.000000e+00 0.000000e+00
-1.700000e-03 1.400000e-03 0.000000e+00 0.000000e+00
-1.700000e-03 1.500000e-03 0.000000e+00 0.000000e+00
-1.700000e-03 1.600000e-03 0.000000e+00 0.000000e+00
-1.700000e-03 1.700000e-03 5.229252e-08 5.091164e-08
-1.700000e-03 1.800000e-03 2.664405e-04 2.641178e-04
-1.700000e-03 1.900000e-03 3.002569e-04 2.985507e-04
-1.700000e-03 2.000000e-03 3.156997e-04 3.148226e-04
-1.700000e-03 2.100000e-03 3.228951e-04 3.229251e-04
-1.600000e-03 -2.000000e-03 0.000000e+00 0.000000e+00
-1.600000e-03 -1.900000e-03 0.000000e+00 0.000000e+00
-1.600000e-03 -1.800000e-03 0.000000e+00 0.000000e+00
-1.600000e-03 -1.700000e-03 0.000000e+00 0.000000e+00
-1.600000e-03 -1.600000e-03 0.000000e+00 0.000000e+00
-1.600000e-03 -1.500000e-03 0.000000e+00 0.000000e+00
-1.600000e-03 -1.400000e-03 0.000000e+00 0.000000e+00
-1.600000e-03 -1.300000e-03 0.000000e+00 0.000000e+00
-1.600000e-03 -1.200000e-03 0.000000e+00 0.000000e+00
-1.600000e-03 -1.100000e-03 0.000000e+00 1.942182e-03
-1.600000e-03 -1.000000e-03 0.000000e+00 1.317103e-03
-1.600000e-03 -9.000000e-04 1.739151e-03 1.137376e-03
-1.600000e-03 -8.000000e-04 1.266204e-03 1.036848e-03
-1.600000e-03 -7.000000e-04 1.104458e-03 9.690047e-04
-1.600000e-03 -6.000000e-04 1.010999e-03 9.188283e-04
-1.600000e-03 -5.000000e-04 9.470966e-04 8.797083e-04
-1.600000e-03 -4.000000e-04 8.995841e-04 8.482158e-04
-1.600000e-03 -3.000000e-04 8.625322e-04 8.223942e-04
-1.600000e-03 -2.000000e-04 8.328428e-04 8.010731e-04
-1.600000e-03 -1.000000e-04 8.087658e-04 7.835585e-04
-1.600000e-03 5.421011e-20 7.892999e-04 7.694886e-04
-1.600000e-03 1.000000e-04 7.739310e-04 7.587814e-04
-1.600000e-03 2.000000e-04 7.625362e-04 7.516489e-04
-1.600000e-03 3.000000e-04 7.554007e-04 7.486984e-04
-1.600000e-03 4.000000e-04 7.533739e-04 7.511872e-04
-1.600000e-03 5.000000e-04 7.582971e-04 7.616573e-04
-1.600000e-03 6.000000e-04 7.741725e-04 7.857232e-04
-1.600000e-03 7.000000e-04 8.110120e-04 8.386555e-04
-1.600000e-03 8.000000e-04 9.039646e-04 9.884210e-04
-1.600000e-03 9.000000e-04 1.567126e-03 0.000000e+00
-1.600000e-03 1.000000e-03 0.000000e+00 0.000000e+00
-1.600000e-03 1.100000e-03 0.000000e+00 0.000000e+00
-1.600000e-03 1.200000e-03 0.000000e+00 0.000000e+00
-1.600000e-03 1.300000e-03 0.000000e+00 0.000000e+00
-1.600000e-03 1.400000e-03 0.000000e+00 0.000000e+00
-1.600000e-03 1.500000e-03 0.000000e+00 0.000000e+00
-1.600000e-03 1.600000e-03 5.229252e-08 5.002680e-08
-1.600000e-03 1.700000e-03 2.664405e-04 2.641178e-04
-1.600000e-03 1.800000e-03 3.002569e-04 2.985507e-04
-1.600000e-03 1.900000e-03 3.156997e-04 3.148226e-04
-1.600000e-03 2.000000e-03 3.228951e-04 3.229251e-04
-1.600000e-03 2.100000e-03 3.253614e-04 3.263434e-04
-1.500000e-03 -2.000000e-03 0.000000e+00 0.000000e+00
-1.500000e-03 -1.900000e-03 0.000000e+00 0.000000e+00
-1.500000e-03 -1.800000e-03 0.000000e+00 0.000000e+00
-1.500000e-03 -1.700000e-03 0.000000e+00 0.000000e+00
-1.500000e-03 -1.600000e-03 0.000000e+00 0.000000e+00
-1.500000e-03 -1.500000e-03 0.000000e+00 0.000000e+00
-1.500000e-03 -1.400000e-03 0.000000e+00 0.000000e+00
-1.500000e-03 -1.300000e-03 0.000000e+00 0.000000e+00
-1.500000e-03 -1.200000e-03 0.000000e+00 1.942182e-03
-1.500000e-03 -1.100000e-03 0.000000e+00 1.317103e-03
-1.500000e-03 -1.000000e-03 1.739151e-03 1.137376e-03
-1.500000e-03 -9.000000e-04 1.266204e-03 1.036848e-03
-1.500000e-03 -8.000000e-04 1.104458e-03 9.690047e-04
-1.500000e-03 -7.000000e-04 1.010999e-03 9.188283e-04
-1.500000e-03 -6.000000e-04 9.470966e-04 8.797083e-04
-1.500000e-03 -5.000000e-04 8.995841e-04 8.482158e-04
-1.500000e-03 -4.000000e-04 8.625322e-04 8.223942e-04
-1.500000e-03 -3.000000e-04 8.328428e-04 8.010731e-04
-1.500000e-03 -2.000000e-04 8.087658e-04 7.835585e-04
-1.500000e-03 -1.000000e-04 7.892999e-04 7.694886e-04
-1.500000e-03 5.421011e-20 7.739310e-04 7.587814e-04
-1.500000e-03 1.000000e-04 7.625362e-04 7.516489e-04
-1.500000e-03 2.000000e-04 7.554007e-04 7.486984e-04
-1.500000e-03 3.000000e-04 7.533739e-04 7.511872e-04
-1.500000e-03 4.000000e-04 7.582971e-04 7.616573e-04
-1.500000e-03 5.000000e-04 7.741725e-04 7.857232e-04
-1.500000e-03 6.000000e-04 8.110120e-04 8.386555e-04
-1.500000e-03 7.000000e-04 9.039646e-04 9.884210e-04
-1.500000e-03 8.000000e-04 1.567126e-03 0.000000e+00
-1.500000e-03 9.000000e-04 0.000000e+00 0.000000e+00
-1.500000e-03 1.000000e-03 0.000000e+00 0.000000e+00
-1.500000e-03 1.100000e-03 0.000000e+00 0.000000e+00
-1.500000e-03 1.200000e-03 0.000000e+00 0.000000e+00
-1.500000e-03 1.300000e-03 0.000000e+00 0.000000e+00
-1.500000e-03 1.400000e-03 0.000000e+00 0.000000e+00
-1.500000e-03 1.500000e-03 5.140583e-08 5.092925e-08
-1.500000e-03 1.600000e-03 2.664405e-04 2.641178e-04
-1.500000e-03 1.700000e-03 3.002569e-04 2.985507e-04
-1.500000e-03 1.800000e-03 3.156997e-04 3.148226e-04
-1.500000e-03 1.900000e-03 3.228951e-04 3.229251e-04
-1.500000e-03 2.000000e-03 3.253614e-04 3.263434e-04
-1.500000e-03 2.100000e-03 3.247334e-04 3.267081e-04
-1.400000e-03 -2.000000e-03 0.000000e+00 0.000000e+00
-1.400000e-03 -1.900000e-03 0.000000e+00 0.000000e+00
-1.400000e-03 -1.800000e-03 0.000000e+00 0.000000e+00
-1.400000e-03 -1.700000e-03 0.000000e+00 0.000000e+00
-1.400000e-03 -1.600000e-03 0.000000e+00 0.000000e+00
-1.400000e-03 -1.500000e-03 0.000000e+00 0.000000e+00
-1.400000e-03 -1.400000e-03 0.000000e+00 0.000000e+00
-1.400000e-03 -1.300000e-03 0.000000e+00 1.942182e-03
-1.400000e-03 -1.200000e-03 0.000000e+00 1.317103e-03
-1.400000e-03 -1.100000e-03 1.739151e-03 1.137376e-03
-1.400000e-03 -1.000000e-03 1.266204e-03 1.036848e-03
-1.400000e-03 -9.000000e-04 1.104458e-03 9.690047e-04
-1.400000e-03 -8.000000e-04 1.010999e-03 9.188283e-04
-1.400000e-03 -7.000000e-04 9.470966e-04 8.797083e-04
-1.400000e-03 -6.000000e-04 8.995841e-04 8.482158e-04
-1.400000e-03 -5.000000e-04 8.625322e-04 8.223942e-04
-1.400000e-03 -4.000000e-04 8.328428e-04 8.010731e-04
-1.400000e-03 -3.000000e-04 8.087658e-04 7.835585e-04
-1.400000e-03 -2.000000e-04 7.892999e-04 7.694886e-04
-1.400000e-03 -1.000000e-04 7.739310e-04 7.587814e-04
-1.400000e-03 5.421011e-20 7.625362e-04 7.516489e-04
-1.400000e-03 1.000000e-04 7.554007e-04 7.486984e-04
-1.400000e-03 2.000000e-04 7.533739e-04 7.511872e-04
-1.400000e-03 3.000000e-04 7.582971e-04 7.616573e-04
-1.400000e-03 4.000000e-04 7.741725e-04 7.857232e-04
-1.400000e-03 5.000000e-04 8.110120e-04 8.386555e-04
-1.400000e-03 6.000000e-04 9.039646e-04 9.884210e-04
-1.400000e-03 7.000000e-04 1.567126e-03 0.000000e+00
-1.400000e-03 8.000000e-04 0.000000e+00 0.000000e+00
-1.400000e-03 9.000000e-04 0.000000e+00 0.000000e+00
-1.400000e-03 1.000000e-03 0.000000e+00 0.000000e+00
-1.400000e-03 1.100000e-03 0.000000e+00 0.000000e+00
-1.400000e-03 1.200000e-03 0.000000e+00 0.000000e+00
-1.400000e-03 1.300000e-03 0.000000e+00 0.000000e+00
-1.400000e-03 1.400000e-03 5.229252e-08 5.089402e-08
-1.400000e-03 1.500000e-03 2.664405e-04 2.641178e-04
-1.400000e-03 1.600000e-03 3.002569e-04 2.985507e-04
-1.400000e-03 1.700000e-03 3.156997e-04 3.148226e-04
-1.400000e-03 1.800000e-03 3.228951e-04 3.229251e-04
-1.400000e-03 1.900000e-03 3.253614e-04 3.263434e-04
-1.400000e-03 2.000000e-03 3.247334e-04 3.267081e-04
-1.400000e-03 2.100000e-03 3.218811e-04 3.248982e-04
-1.300000e-03 -2.000000e-03 0.000000e+00 0.000000e+00
-1.300000e-03 -1.900000e-03 0.000000e+00 0.000000e+00
-1.300000e-03 -1.800000e-03 0.000000e+00 0.000000e+00
-1.300000e-03 -1.700000e-03 0.000000e+00 0.000000e+00
-1.300000e-03 -1.600000e-03 0.000000e+00 0.000000e+00
-1.300000e-03 -1.500000e-03 0.000000e+00 0.000000e+00
-1.300000e-03 -1.400000e-03 0.000000e+00 1.942182e-03
-1.300000e-03 -1.300000e-03 0.000000e+00 1.317103e-03
-1.300000e-03 -1.200000e-03 1.739151e-03 1.137376e-03
-1.300000e-03 -1.100000e-03 1.266204e-03 1.036848e-03
-1.300000e-03 -1.000000e-03 1.104458e-03 9.690047e-04
-1.300000e-03 -9.000000e-04 1.010999e-03 9.188283e-04
-1.300000e-03 -8.000000e-04 9.470966e-04 8.797083e-04
-1.300000e-03 -7.000000e-04 8.995841e-04 8.482158e-04
-1.300000e-03 -6.000000e-04 8.625322e-04 8.223942e-04
-1.300000e-03 -5.000000e-04 8.328428e-04 8.010731e-04
-1.300000e-03 -4.000000e-04 8.087658e-04 7.835585e-04
-1.300000e-03 -3.000000e-04 7.892999e-04 7.694886e-04
-1.300000e-03 -2.000000e-04 7.739310e-04 7.587814e-04
-1.300000e-03 -1.000000e-04 7.625362e-04 7.516489e-04
-1.300000e-03 5.421011e-20 7.554007e-04 7.486984e-04
-1.300000e-03 1.000000e-04 7.533739e-04 7.511872e-04
-1.300000e-03 2.000000e-04 7.582971e-04 7.616573e-04
-1.300000e-03 3.000000e-04 7.741725e-04 7.857232e-04
-1.300000e-03 4.000000e-04 8.110120e-04 8.386555e-04
-1.300000e-03 5.000000e-04 9.039646e-04 9.884210e-04
-1.300000e-03 6.000000e-04 1.567126e-03 0.000000e+00
-1.300000e-03 7.000000e-04 0.000000e+00 0.000000e+00
-1.300000e-03 8.000000e-04 0.000000e+00 0.000000e+00
-1.300000e-03 9.000000e-04 0.000000e+00 0.000000e+00
-1.300000e-03 1.000000e-03 0.000000e+00 0.000000e+00
-1.300000e-03 1.100000e-03 0.000000e+00 0.000000e+00
-1.300000e-03 1.200000e-03 0.000000e+00 0.000000e+00
-1.300000e-03 1.300000e-03 5.226961e-08 5.092925e-08
-1.300000e-03 1.400000e-03 2.664405e-04 2.641178e-04
-1.300000e-03 1.500000e-03 3.002569e-04 2.985507e-04
-1.300000e-03 1.600000e-03 3.156997e-04 3.148226e-04
-1.300000e-03 1.700000e-03 3.228951e-04 3.229251e-04
-1.300000e-03 1.800000e-03 3.253614e-04 3.263434e-04
-1.300000e-03 1.900000e-03 3.247334e-04 3.267081e-04
-1.300000e-03 2.000000e-03 3.218811e-04 3.248982e-04
-1.300000e-03 2.100000e-03 3.172974e-04 3.214242e-04
-1.200000e-03 -2.000000e-03 0.000000e+00 0.000000e+00
-1.200000e-03 -1.900000e-03 0.000000e+00 0.000000e+00
-1.200000e-03 -1.800000e-03 0.000000e+00 0.000000e+00
-1.200000e-03 -1.700000e-03 0.000000e+00 0.000000e+00
-1.200000e-03 -1.600000e-03 0.000000e+00 0.000000e+00
-1.200000e-03 -1.500000e-03 0.000000e+00 1.942182e-03
-1.200000e-03 -1.400000e-03 0.000000e+00 1.317103e-03
-1.200000e-03 -1.300000e-03 1.739151e-03 1.137376e-03
-1.200000e-03 -1.200000e-03 1.266204e-03 1.036848e-03
-1.200000e-03 -1.100000e-03 1.104458e-03 9.690047e-04
-1.200000e-03 -1.000000e-03 1.010999e-03 9.188283e-04
-1.200000e-03 -9.000000e-04 9.470966e-04 8.797083e-04
-1.200000e-03 -8.000000e-04 8.995841e-04 8.482158e-04
-1.200000e-03 -7.000000e-04 8.625322e-04 8.223942e-04
-1.200000e-03 -6.000000e-04 8.328428e-04 8.010731e-04
-1.200000e-03 -5.000000e-04 8.087658e-04 7.835585e-04
-1.200000e-03 -4.000000e-04 7.892999e-04 7.694886e-04
-1.200000e-03 -3.000000e-04 7.739310e-04 7.587814e-04
-1.200000e-03 -2.000000e-04 7.625362e-04 7.516489e-04
-1.200000e-03 -1.000000e-04 7.554007e-04 7.486984e-04
-1.200000e-03 5.421011e-20 7.533739e-04 7.511872e-04
-1.200000e-03 1.000000e-04 7.582971e-04 7.616573e-04
-1.200000e-03 2.000000e-04 7.741725e-04 7.857232e-04
-1.200000e-03 3.000000e-04 8.110120e-04 8.386555e-04
-1.200000e-03 4.000000e-04 9.039646e-04 9.884210e-04
-1.200000e-03 5.000000e-04 1.567126e-03 0.000000e+00
-1.200000e-03 6.000000e-04 0.000000e+00 0.000000e+00
-1.200000e-03 7.000000e-04 0.000000e+00 0.000000e+00
-1.200000e-03 8.000000e-04 0.000000e+00 0.000000e+00
-1.200000e-03 9.000000e-04 0.000000e+00 0.000000e+00
-1.200000e-03 1.000000e-03 0.000000e+00 0.000000e+00
-1.200000e-03 1.100000e-03 0.000000e+00 0.000000e+00
-1.200000e-03 1.200000e-03 5.229252e-08 5.092925e-08
-1.200000e-03 1.300000e-03 2.664405e-04 2.641178e-04
-1.200000e-03 1.400000e-03 3.002569e-04 2.985507e-04
-1.200000e-03 1.500000e-03 3.156997e-04 3.148226e-04
-1.200000e-03 1.600000e-03 3.228951e-04 3.229251e-04
-1.200000e-03 1.700000e-03 3.253614e-04 3.263434e-04
-1.200000e-03 1.800000e-03 3.247334e-04 3.267081e-04
-1.200000e-03 1.900000e-03 3.218811e-04 3.248982e-04
-1.200000e-03 2.000000e-03 3.172974e-04 3.214242e-04
-1.200000e-03 2.100000e-03 3.112606e-04 3.165901e-04
-1.100000e-03 -2.000000e-03 0.000000e+00 0.000000e+00
-1.100000e-03 -1.900000e-03 0.000000e+00 0.000000e+00
-1.100000e-03 -1.800000e-03 0.000000e+00 0.000000e+00
-1.100000e-03 -1.700000e-03 0.000000e+00 0.000000e+00
-1.100000e-03 -1.600000e-03 0.000000e+00 1.942182e-03
-1.100000e-03 -1.500000e-03 0.000000e+00 1.317103e-03
-1.100000e-03 -1.400000e-03 1.739151e-03 1.137376e-03
-1.100000e-03 -1.300000e-03 1.266204e-03 1.036848e-03
-1.100000e-03 -1.200000e-03 1.104458e-03 9.690047e-04
-1.100000e-03 -1.100000e-03 1.010999e-03 9.188283e-04
-1.100000e-03 -1.000000e-03 9.470966e-04 8.797083e-04
-1.100000e-03 -9.000000e-04 8.995841e-04 8.482158e-04
-1.100000e-03 -8.000000e-04 8.625322e-04 8.223942e-04
-1.100000e-03 -7.000000e-04 8.328428e-04 8.010731e-04
-1.100000e-03 -6.000000e-04 8.087658e-04 7.835585e-04
-1.100000e-03 -5.000000e-04 7.892999e-04 7.694886e-04
-1.100000e-03 -4.000000e-04 7.739310e-04 7.587814e-04
-1.100000e-03 -3.000000e-04 7.625362e-04 7.516489e-04
-1.100000e-03 -2.000000e-04 7.554007e-04 7.486984e-04
-1.100000e-03 -1.000000e-04 7.533739e-04 7.511872e-04
-1.100000e-03 5.421011e-20 7.582971e-04 7.616573e-04
-1.100000e-03 1.000000e-04 7.741725e-04 7.857232e-04
-1.100000e-03 2.000000e-04 8.110120e-04 8.386555e-04
-1.100000e-03 3.000000e-04 9.039646e-04 9.884210e-04
-1.100000e-03 4.000000e-04 1.567126e-03 0.000000e+00
-1.100000e-03 5.000000e-04 0.000000e+00 0.000000e+00
-1.100000e-03 6.000000e-04 0.000000e+00 0.000000e+00
-1.100000e-03 7.000000e-04 0.000000e+00 0.000000e+00
-1.100000e-03 8.000000e-04 0.000000e+00 0.000000e+00
-1.100000e-03 9.000000e-04 0.000000e+00 0.000000e+00
-1.100000e-03 1.000000e-03 0.000000e+00 0.000000e+00
-1.100000e-03 1.100000e-03 5.229252e-08 5.002680e-08
-1.100000e-03 1.200000e-03 2.664405e-04 2.641178e-04
-1.100000e-03 1.300000e-03 3.002569e-04 2.985507e-04
-1.100000e-03 1.400000e-03 3.156997e-04 3.148226e-04
-1.100000e-03 1.500000e-03 3.228951e-04 3.229251e-04
-1.100000e-03 1.600000e-03 3.253614e-04 3.263434e-04
-1.100000e-03 1.700000e-03 3.247334e-04 3.267081e-04
-1.100000e-03 1.800000e-03 3.218811e-04 3.248982e-04
-1.100000e-03 1.900000e-03 3.172974e-04 3.214242e-04
-1.100000e-03 2.000000e-03 3.112606e-04 3.165901e-04
-1.100000e-03 2.100000e-03 3.039087e-04 3.105701e-04
-1.000000e-03 -2.000000e-03 0.000000e+00 0.000000e+00
-1.000000e-03 -1.900000e-03 0.000000e+00 0.000000e+00
-1.000000e-03 -1.800000e-03 0.000000e+00 0.000000e+00
-1.000000e-03 -1.700000e-03 0.000000e+00 1.942182e-03
-1.000000e-03 -1.600000e-03 0.000000e+00 1.317103e-03
-1.000000e-03 -1.500000e-03 1.739151e-03 1.137376e-03
-1.000000e-03 -1.400000e-03 1.266204e-03 1.036848e-03
-1.000000e-03 -1.300000e-03 1.104458e-03 9.690047e-04
-1.000000e-03 -1.200000e-03 1.010999e-03 9.188283e-04
-1.000000e-03 -1.100000e-03 9.470966e-04 8.797083e-04
-1.000000e-03 -1.000000e-03 8.995841e-04 8.482158e-04
-1.000000e-03 -9.000000e-04 8.625322e-04 8.223942e-04
-1.000000e-03 -8.000000e-04 8.328428e-04 8.010731e-04
-1.000000e-03 -7.000000e-04 8.087658e-04 7.835585e-04
-1.000000e-03 -6.000000e-04 7.892999e-04 7.694886e-04
-1.000000e-03 -5.000000e-04 7.739310e-04 7.587814e-04
-1.000000e-03 -4.000000e-04 7.625362e-04 7.516489e-04
-1.000000e-03 -3.000000e-04 7.554007e-04 7.486984e-04
-1.000000e-03 -2.000000e-04 7.533739e-04 7.511872e-04
-1.000000e-03 -1.000000e-04 7.582971e-04 7.616573e-04
-1.000000e-03 5.421011e-20 7.741725e-04 7.857232e-04
-1.000000e-03 1.000000e-04 8.110120e-04 8.386555e-04
-1.000000e-03 2.000000e-04 9.039646e-04 9.884210e-04
-1.000000e-03 3.000000e-04 1.567126e-03 0.000000e+00
-1.000000e-03 4.000000e-04 0.000000e+00 0.000000e+00
-1.000000e-03 5.000000e-04 0.000000e+00 0.000000e+00
-1.000000e-03 6.000000e-04 0.000000e+00 0.000000e+00
-1.000000e-03 7.000000e-04 0.000000e+00 0.000000e+00
-1.000000e-03 8.000000e-04 0.000000e+00 0.000000e+00
-1.000000e-03 9.000000e-04 0.000000e+00 0.000000e+00
-1.000000e-03 1.000000e-03 5.229252e-08 5.092925e-08
-1.000000e-03 1.100000e-03 2.664405e-04 2.641178e-04
-1.000000e-03 1.200000e-03 3.002569e-04 2.985507e-04
-1.000000e-03 1.300000e-03 3.156997e-04 3.148226e-04
-1.000000e-03 1.400000e-03 3.228951e-04 3.229251e-04
-1.000000e-03 1.500000e-03 3.253614e-04 3.263434e-04
-1.000000e-03 1.600000e-03 3.247334e-04 3.267081e-04
-1.000000e-03 1.700000e-03 3.218811e-04 3.248982e-04
-1.000000e-03 1.800000e-03 3.172974e-04 3.214242e-04
-1.000000e-03 1.900000e-03 3.112606e-04 3.165901e-04
-1.000000e-03 2.000000e-03 3.039087e-04 3.105701e-04
-1.000000e-03 2.100000e-03 2.952717e-04 3.034467e-04
-9.000000e-04 -2.000000e-03 0.000000e+00 0.000000e+00
-9.000000e-04 -1.900000e-03 0.000000e+00 0.000000e+00
-9.000000e-04 -1.800000e-03 0.000000e+00 1.942182e-03
-9.000000e-04 -1.700000e-03 0.000000e+00 1.317103e-03
-9.000000e-04 -1.600000e-03 1.739151e-03 1.137376e-03
-9.000000e-04 -1.500000e-03 1.266204e-03 1.036848e-03
-9.000000e-04 -1.400000e-03 1.104458e-03 9.690047e-04
-9.000000e-04 -1.300000e-03 1.010999e-03 9.188283e-04
-9.000000e-04 -1.200000e-03 9.470966e-04 8.797083e-04
-9.000000e-04 -1.100000e-03 8.995841e-04 8.482158e-04
-9.000000e-04 -1.000000e-03 8.625322e-04 8.223942e-04
-9.000000e-04 -9.000000e-04 8.328428e-04 8.010731e-04
-9.000000e-04 -8.000000e-04 8.087658e-04 7.835585e-04
-9.000000e-04 -7.000000e-04 7.892999e-04 7.694886e-04
-9.000000e-04 -6.000000e-04 7.739310e-04 7.587814e-04
-9.000000e-04 -5.000000e-04 7.625362e-04 7.516489e-04
-9.000000e-04 -4.000000e-04 7.554007e-04 7.486984e-04
-9.000000e-04 -3.000000e-04 7.533739e-04 7.511872e-04
-9.000000e-04 -2.000000e-04 7.582971e-04 7.616573e-04
-9.000000e-04 -1.000000e-04 7.741725e-04 7.857232e-04
-9.000000e-04 5.421011e-20 8.110120e-04 8.386555e-04
-9.000000e-04 1.000000e-04 9.039646e-04 9.884210e-04
-9.000000e-04 2.000000e-04 1.567126e-03 0.000000e+00
-9.000000e-04 3.000000e-04 0.000000e+00 0.000000e+00
-9.000000e-04 4.000000e-04 0.000000e+00 0.000000e+00
-9.000000e-04 5.000000e-04 0.000000e+00 0.000000e+00
-9.000000e-04 6.000000e-04 0.000000e+00 0.000000e+00
-9.000000e-04 7.000000e-04 0.000000e+00 0.000000e+00
-9.000000e-04 8.000000e-04 0.000000e+00 0.000000e+00
-9.000000e-04 9.000000e-04 5.182167e-08 5.002680e-08
-9.000000e-04 1.000000e-03 2.664405e-04 2.641178e-04
-9.000000e-04 1.100000e-03 3.002569e-04 2.985507e-04
-9.000000e-04 1.200000e-03 3.156997e-04 3.148226e-04
-9.000000e-04 1.300000e-03 3.228951e-04 3.229251e-04
-9.000000e-04 1.400000e-03 3.253614e-04 3.263434e-04
-9.000000e-04 1.500000e-03 3.247334e-04 3.267081e-04
-9.000000e-04 1.600000e-03 3.218811e-04 3.248982e-04
-9.000000e-04 1.700000e-03 3.172974e-04 3.214242e-04
-9.000000e-04 1.800000e-03 3.112606e-04 3.165901e-04
-9.000000e-04 1.900000e-03 3.039087e-04 3.105701e-04
-9.000000e-04 2.000000e-03 2.952717e-04 3.034467e-04
-9.000000e-04 2.100000e-03 2.852783e-04 2.952265e-04
-8.000000e-04 -2.000000e-03 0.000000e+00 0.000000e+00
-8.000000e-04 -1.900000e-03 0.000000e+00 1.942182e-03
-8.000000e-04 -1.800000e-03 0.000000e+00 1.317103e-03
-8.000000e-04 -1.700000e-03 1.739151e-03 1.137376e-03
-8.000000e-04 -1.600000e-03 1.266204e-03 1.036848e-03
-8.000000e-04 -1.500000e-03 1.104458e-03 9.690047e-04
-8.000000e-04 -1.400000e-03 1.010999e-03 9.188283e-04
-8.000000e-04 -1.300000e-03 9.470966e-04 8.797083e-04
-8.000000e-04 -1.200000e-03 8.995841e-04 8.482158e-04
-8.000000e-04 -1.100000e-03 8.625322e-04 8.223942e-04
-8.000000e-04 -1.000000e-03 8.328428e-04 8.010731e-04
-8.000000e-04 -9.000000e-04 8.087658e-04 7.835585e-04
-8.000000e-04 -8.000000e-04 7.892999e-04 7.694886e-04
-8.000000e-04 -7.000000e-04 7.739310e-04 7.587814e-04
-8.000000e-04 -6.000000e-04 7.625362e-04 7.516489e-04
-8.000000e-04 -5.000000e-04 7.554007e-04 7.486984e-04
-8.000000e-04 -4.000000e-04 7.533739e-04 7.511872e-04
-8.000000e-04 -3.000000e-04 7.582971e-04 7.616573e-04
-8.000000e-04 -2.000000e-04 7.741725e-04 7.857232e-04
-8.000000e-04 -1.000000e-04 8.110120e-04 8.386555e-04
-8.000000e-04 5.421011e-20 9.039646e-04 9.884210e-04
-8.000000e-04 1.000000e-04 1.567126e-03 0.000000e+00
-8.000000e-04 2.000000e-04 0.000000e+00 0.000000e+00
-8.000000e-04 3.000000e-04 0.000000e+00 0.000000e+00
-8.000000e-04 4.000000e-04 0.000000e+00 0.000000e+00
-8.000000e-04 5.000000e-04 0.000000e+00 0.000000e+00
-8.000000e-04 6.000000e-04 0.000000e+00 0.000000e+00
-8.000000e-04 7.000000e-04 0.000000e+00 0.000000e+00
-8.000000e-04 8.000000e-04 5.226961e-08 5.092925e-08
-8.000000e-04 9.000000e-04 2.664405e-04 2.641178e-04
-8.000000e-04 1.000000e-03 3.002569e-04 2.985507e-04
-8.000000e-04 1.100000e-03 3.156997e-04 3.148226e-04
-8.000000e-04 1.200000e-03 3.228951e-04 3.229251e-04
-8.000000e-04 1.300000e-03 3.253614e-04 3.263434e-04
-8.000000e-04 1.400000e-03 3.247334e-04 3.267081e-04
-8.000000e-04 1.500000e-03 3.218811e-04 3.248982e-04
-8.000000e-04 1.600000e-03 3.172974e-04 3.214242e-04
-8.000000e-04 1.700000e-03 3.112606e-04 3.165901e-04
-8.000000e-04 1.800000e-03 3.039087e-04 3.105701e-04
-8.000000e-04 1.900000e-03 2.952717e-04 3.034467e-04
-8.000000e-04 2.000000e-03 2.852783e-04 2.952265e-04
-8.000000e-04 2.100000e-03 2.737368e-04 2.858412e-04
-7.000000e-04 -2.000000e-03 0.000000e+00 1.942182e-03
-7.000000e-04 -1.900000e-03 0.000000e+00 1.317103e-03
-7.000000e-04 -1.800000e-03 1.739151e-03 1.137376e-03
-7.000000e-04 -1.700000e-03 1.266204e-03 1.036848e-03
-7.000000e-04 -1.600000e-03 1.104458e-03 9.690047e-04
-7.000000e-04 -1.500000e-03 1.010999e-03 9.188283e-04
-7.000000e-04 -1.400000e-03 9.470966e-04 8.797083e-04
-7.000000e-04 -1.300000e-03 8.995841e-04 8.482158e-04
-7.000000e-04 -1.200000e-03 8.625322e-04 8.223942e-04
-7.000000e-04 -1.100000e-03 8.328428e-04 8.010731e-04
-7.000000e-04 -1.000000e-03 8.087658e-04 7.835585e-04
-7.000000e-04 -9.000000e-04 7.892999e-04 7.694886e-04
-7.000000e-04 -8.000000e-04 7.739310e-04 7.587814e-04
-7.000000e-04 -7.000000e-04 7.625362e-04 7.516489e-04
-7.000000e-04 -6.000000e-04 7.554007e-04 7.486984e-04
-7.000000e-04 -5.000000e-04 7.533739e-04 7.511872e-04
-7.000000e-04 -4.000000e-04 7.582971e-04 7.616573e-04
-7.000000e-04 -3.000000e-04 7.741725e-04 7.857232e-04
-7.000000e-04 -2.000000e-04 8.110120e-04 8.386555e-04
-7.000000e-04 -1.000000e-04 9.039646e-04 9.884210e-04
-7.000000e-04 5.421011e-20 1.567126e-03 0.000000e+00
-7.000000e-04 1.000000e-04 0.000000e+00 0.000000e+00
-7.000000e-04 2.000000e-04 0.000000e+00 0.000000e+00
-7.000000e-04 3.000000e-04 0.000000e+00 0.000000e+00
-7.000000e-04 4.000000e-04 0.000000e+00 0.000000e+00
-7.000000e-04 5.000000e-04 0.000000e+00 0.000000e+00
-7.000000e-04 6.000000e-04 0.000000e+00 0.000000e+00
-7.000000e-04 7.000000e-04 5.140583e-08 5.092925e-08
-7.000000e-04 8.000000e-04 2.664405e-04 2.641178e-04
-7.000000e-04 9.000000e-04 3.002569e-04 2.985507e-04
-7.000000e-04 1.000000e-03 3.156997e-04 3.148226e-04
-7.000000e-04 1.100000e-03 3.228951e-04 3.229251e-04
-7.000000e-04 1.200000e-03 3.253614e-04 3.263434e-04
-7.000000e-04 1.300000e-03 3.247334e-04 3.267081e-04
-7.000000e-04 1.400000e-03 3.218811e-04 3.248982e-04
-7.000000e-04 1.500000e-03 3.172974e-04 3.214242e-04
-7.000000e-04 1.600000e-03 3.112606e-04 3.165901e-04
-7.000000e-04 1.700000e-03 3.039087e-04 3.105701e-04
-7.000000e-04 1.800000e-03 2.952717e-04 3.034467e-04
-7.000000e-04 1.900000e-03 2.852783e-04 2.952265e-04
-7.000000e-04 2.000000e-03 2.737368e-04 2.858412e-04
-7.000000e-04 2.100000e-03 2.602795e-04 2.751332e-04
-6.000000e-04 -2.000000e-03 0.000000e+00 1.317103e-03
-6.000000e-04 -1.900000e-03 1.739151e-03 1.137376e-03
-6.000000e-04 -1.800000e-03 1.266204e-03 1.036848e-03
-6.000000e-04 -1.700000e-03 1.104458e-03 9.690047e-04
-6.000000e-04 -1.600000e-03 1.010999e-03 9.188283e-04
-6.000000e-04 -1.500000e-03 9.470966e-04 8.797083e-04
-6.000000e-04 -1.400000e-03 8.995841e-04 8.482158e-04
-6.000000e-04 -1.300000e-03 8.625322e-04 8.223942e-04
-6.000000e-04 -1.200000e-03 8.328428e-04 8.010731e-04
-6.000000e-04 -1.100000e-03 8.087658e-04 7.835585e-04
-6.000000e-04 -1.000000e-03 7.892999e-04 7.694886e-04
-6.000000e-04 -9.000000e-04 7.739310e-04 7.587814e-04
-6.000000e-04 -8.000000e-04 7.625362e-04 7.516489e-04
-6.000000e-04 -7.000000e-04 7.554007e-04 7.486984e-04
-6.000000e-04 -6.000000e-04 7.533739e-04 7.511872e-04
-6.000000e-04 -5.000000e-04 7.582971e-04 7.616573e-04
-6.000000e-04 -4.000000e-04 7.741725e-04 7.857232e-04
-6.000000e-04 -3.000000e-04 8.110120e-04 8.386555e-04
-6.000000e-04 -2.000000e-04 9.039646e-04 9.884210e-04
-6.000000e-04 -1.000000e-04 1.567126e-03 0.000000e+00
-6.000000e-04 5.421011e-20 0.000000e+00 0.000000e+00
-6.000000e-04 1.000000e-04 0.000000e+00 0.000000e+00
-6.000000e-04 2.000000e-04 0.000000e+00 0.000000e+00
-6.000000e-04 3.000000e-04 0.000000e+00 0.000000e+00
-6.000000e-04 4.000000e-04 0.000000e+00 0.000000e+00
-6.000000e-04 5.000000e-04 0.000000e+00 0.000000e+00
-6.000000e-04 6.000000e-04 5.182167e-08 5.092925e-08
-6.000000e-04 7.000000e-04 2.664405e-04 2.641178e-04
-6.000000e-04 8.000000e-04 3.002569e-04 2.985507e-04
-6.000000e-04 9.000000e-04 3.156997e-04 3.148226e-04
-6.000000e-04 1.000000e-03 3.228951e-04 3.229251e-04
-6.000000e-04 1.100000e-03 3.253614e-04 3.263434e-04
-6.000000e-04 1.200000e-03 3.247334e-04 3.267081e-04
-6.000000e-04 1.300000e-03 3.218811e-04 3.248982e-04
-6.000000e-04 1.400000e-03 3.172974e-04 3.214242e-04
-6.000000e-04 1.500000e-03 3.112606e-04 3.165901e-04
-6.000000e-04 1.600000e-03 3.039087e-04 3.105701e-04
-6.000000e-04 1.700000e-03 2.952717e-04 3.034467e-04
-6.000000e-04 1.800000e-03 2.852783e-04 2.952265e-04
-6.000000e-04 1.900000e-03 2.737368e-04 2.858412e-04
-6.000000e-04 2.000000e-03 2.602795e-04 2.751332e-04
-6.000000e-04 2.100000e-03 2.442249e-04 2.628155e-04
-5.000000e-04 -2.000000e-03 1.739151e-03 1.137376e-03
-5.000000e-04 -1.900000e-03 1.266204e-03 1.036848e-03
-5.000000e-04 -1.800000e-03 1.104458e-03 9.690047e-04
-5.000000e-04 -1.700000e-03 1.010999e-03 9.188283e-04
-5.000000e-04 -1.600000e-03 9.470966e-04 8.797083e-04
-5.000000e-04 -1.500000e-03 8.995841e-04 8.482158e-04
-5.000000e-04 -1.400000e-03 8.625322e-04 8.223942e-04
-5.000000e-04 -1.300000e-03 8.328428e-04 8.010731e-04
-5.000000e-04 -1.200000e-03 8.087658e-04 7.835585e-04
-5.000000e-04 -1.100000e-03 7.892999e-04 7.694886e-04
-5.000000e-04 -1.000000e-03 7.739310e-04 7.587814e-04
-5.000000e-04 -9.000000e-04 7.625362e-04 7.516489e-04
-5.000000e-04 -8.000000e-04 7.554007e-04 7.486984e-04
-5.000000e-04 -7.000000e-04 7.533739e-04 7.511872e-04
-5.000000e-04 -6.000000e-04 7.582971e-04 7.616573e-04
-5.000000e-04 -5.000000e-04 7.741725e-04 7.857232e-04
-5.000000e-04 -4.000000e-04 8.110120e-04 8.386555e-04
-5.000000e-04 -3.000000e-04 9.039646e-04 9.884210e-04
-5.000000e-04 -2.000000e-04 1.567126e-03 0.000000e+00
-5.000000e-04 -1.000000e-04 0.000000e+00 0.000000e+00
-5.000000e-04 5.421011e-20 0.000000e+00 0.000000e+00
-5.000000e-04 1.000000e-04 0.000000e+00 0.000000e+00
-5.000000e-04 2.000000e-04 0.000000e+00 0.000000e+00
-5.000000e-04 3.000000e-04 0.000000e+00 0.000000e+00
-5.000000e-04 4.000000e-04 0.000000e+00 0.000000e+00
-5.000000e-04 5.000000e-04 5.229252e-08 5.092925e-08
-5.000000e-04 6.000000e-04 2.664405e-04 2.641178e-04
-5.000000e-04 7.000000e-04 3.002569e-04 2.985507e-04
-5.000000e-04 8.000000e-04 3.156997e-04 3.148226e-04
-5.000000e-04 9.000000e-04 3.228951e-04 3.229251e-04
-5.000000e-04 1.000000e-03 3.253614e-04 3.263434e-04
-5.000000e-04 1.100000e-03 3.247334e-04 3.267081e-04
-5.000000e-04 1.200000e-03 3.218811e-04 3.248982e-04
-5.000000e-04 1.300000e-03 3.172974e-04 3.214242e-04
-5.000000e-04 1.400000e-03 3.112606e-04 3.165901e-04
-5.000000e-04 1.500000e-03 3.039087e-04 3.105701e-04
-5.000000e-04 1.600000e-03 2.952717e-04 3.034467e-04
-5.000000e-04 1.700000e-03 2.852783e-04 2.952265e-04
-5.000000e-04 1.800000e-03 2.737368e-04 2.858412e-04
-5.000000e-04 1.900000e-03 2.602795e-04 2.751332e-04
-5.000000e-04 2.000000e-03 2.442249e-04 2.628155e-04
-5.000000e-04 2.100000e-03 2.242104e-04 2.483838e-04
-4.000000e-04 -2.000000e-03 1.266204e-03 1.036848e-03
-4.000000e-04 -1.900000e-03 1.104458e-03 9.690047e-04
-4.000000e-04 -1.800000e-03 1.010999e-03 9.188283e-04
-4.000000e-04 -1.700000e-03 9.470966e-04 8.797083e-04
-4.000000e-04 -1.600000e-03 8.995841e-04 8.482158e-04
-4.000000e-04 -1.500000e-03 8.625322e-04 8.223942e-04
-4.000000e-04 -1.400000e-03 8.328428e-04 8.010731e-04
-4.000000e-04 -1.300000e-03 8.087658e-04 7.835585e-04
-4.000000e-04 -1.200000e-03 7.892999e-04 7.694886e-04
-4.000000e-04 -1.100000e-03 7.739310e-04 7.587814e-04
-4.000000e-04 -1.000000e-03 7.625362e-04 7.516489e-04
-4.000000e-04 -9.000000e-04 7.554007e-04 7.486984e-04
-4.000000e-04 -8.000000e-04 7.533739e-04 7.511872e-04
-4.000000e-04 -7.000000e-04 7.582971e-04 7.616573e-04
-4.000000e-04 -6.000000e-04 7.741725e-04 7.857232e-04
-4.000000e-04 -5.000000e-04 8.110120e-04 8.386555e-04
-4.000000e-04 -4.000000e-04 9.039646e-04 9.884210e-04
-4.000000e-04 -3.000000e-04 1.567126e-03 0.000000e+00
-4.000000e-04 -2.000000e-04 0.000000e+00 0.000000e+00
-4.000000e-04 -1.000000e-04 0.000000e+00 0.000000e+00
-4.000000e-04 5.421011e-20 0.000000e+00 0.000000e+00
-4.000000e-04 1.000000e-04 0.000000e+00 0.000000e+00
-4.000000e-04 2.000000e-04 0.000000e+00 0.000000e+00
-4.000000e-04 3.000000e-04 0.000000e+00 0.000000e+00
-4.000000e-04 4.000000e-04 5.229252e-08 5.002680e-08
-4.000000e-04 5.000000e-04 2.664405e-04 2.641178e-04
-4.000000e-04 6.000000e-04 3.002569e-04 2.985507e-04
-4.000000e-04 7.000000e-04 3.156997e-04 3.148226e-04
-4.000000e-04 8.000000e-04 3.228951e-04 3.229251e-04
-4.000000e-04 9.000000e-04 3.253614e-04 3.263434e-04
-4.000000e-04 1.000000e-03 3.247334e-04 3.267081e-04
-4.000000e-04 1.100000e-03 3.218811e-04 3.248982e-04
-4.000000e-04 1.200000e-03 3.172974e-04 3.214242e-04
-4.000000e-04 1.300000e-03 3.112606e-04 3.165901e-04
-4.000000e-04 1.400000e-03 3.039087e-04 3.105701e-04
-4.000000e-04 1.500000e-03 2.952717e-04 3.034467e-04
-4.000000e-04 1.600000e-03 2.852783e-04 2.952265e-04
-4.000000e-04 1.700000e-03 2.737368e-04 2.858412e-04
-4.000000e-04 1.800000e-03 2.602795e-04 2.751332e-04
-4.000000e-04 1.900000e-03 2.442249e-04 2.628155e-04
-4.000000e-04 2.000000e-03 2.242104e-04 2.483838e-04
-4.000000e-04 2.100000e-03 1.969219e-04 2.308989e-04
-3.000000e-04 -2.000000e-03 1.104458e-03 9.690047e-04
-3.000000e-04 -1.900000e-03 1.010999e-03 9.188283e-04
-3.000000e-04 -1.800000e-03 9.470966e-04 8.797083e-04
-3.000000e-04 -1.700000e-03 8.995841e-04 8.482158e-04
-3.000000e-04 -1.600000e-03 8.625322e-04 8.223942e-04
-3.000000e-04 -1.500000e-03 8.328428e-04 8.010731e-04
-3.000000e-04 -1.400000e-03 8.087658e-04 7.835585e-04
-3.000000e-04 -1.300000e-03 7.892999e-04 7.694886e-04
-3.000000e-04 -1.200000e-03 7.739310e-04 7.587814e-04
-3.000000e-04 -1.100000e-03 7.625362e-04 7.516489e-04
-3.000000e-04 -1.000000e-03 7.554007e-04 7.486984e-04
-3.000000e-04 -9.000000e-04 7.533739e-04 7.511872e-04
-3.000000e-04 -8.000000e-04 7.582971e-04 7.616573e-04
-3.000000e-04 -7.000000e-04 7.741725e-04 7.857232e-04
-3.000000e-04 -6.000000e-04 8.110120e-04 8.386555e-04
-3.000000e-04 -5.000000e-04 9.039646e-04 9.884210e-04
-3.000000e-04 -4.000000e-04 1.567126e-03 0.000000e+00
-3.000000e-04 -3.000000e-04 0.000000e+00 0.000000e+00
-3.000000e-04 -2.000000e-04 0.000000e+00 0.000000e+00
-3.000000e-04 -1.000000e-04 0.000000e+00 0.000000e+00
-3.000000e-04 5.421011e-20 0.000000e+00 0.000000e+00
-3.000000e-04 1.000000e-04 0.000000e+00 0.000000e+00
-3.000000e-04 2.000000e-04 0.000000e+00 0.000000e+00
-3.000000e-04 3.000000e-04 5.182167e-08 5.092925e-08
-3.000000e-04 4.000000e-04 2.664405e-04 2.641178e-04
-3.000000e-04 5.000000e-04 3.002569e-04 2.985507e-04
-3.000000e-04 6.000000e-04 3.156997e-04 3.148226e-04
-3.000000e-04 7.000000e-04 3.228951e-04 3.229251e-04
-3.000000e-04 8.000000e-04 3.253614e-04 3.263434e-04
-3.000000e-04 9.000000e-04 3.247334e-04 3.267081e-04
-3.000000e-04 1.000000e-03 3.218811e-04 3.248982e-04
-3.000000e-04 1.100000e-03 3.172974e-04 3.214242e-04
-3.000000e-04 1.200000e-03 3.112606e-04 3.165901e-04
-3.000000e-04 1.300000e-03 3.039087e-04 3.105701e-04
-3.000000e-04 1.400000e-03 2.952717e-04 3.034467e-04
-3.000000e-04 1.500000e-03 2.852783e-04 2.952265e-04
-3.000000e-04 1.600000e-03 2.737368e-04 2.858412e-04
-3.000000e-04 1.700000e-03 2.602795e-04 2.751332e-04
-3.000000e-04 1.800000e-03 2.442249e-04 2.628155e-04
-3.000000e-04 1.900000e-03 2.242104e-04 2.483838e-04
-3.000000e-04 2.000000e-03 1.969219e-04 2.308989e-04
-3.000000e-04 2.100000e-03 1.489289e-04 2.083512e-04
-2.000000e-04 -2.000000e-03 1.010999e-03 9.188283e-04
-2.000000e-04 -1.900000e-03 9.470966e-04 8.797083e-04
-2.000000e-04 -1.800000e-03 8.995841e-04 8.482158e-04
-2.000000e-04 -1.700000e-03 8.625322e-04 8.223942e-04
-2.000000e-04 -1.600000e-03 8.328428e-04 8.010731e-04
-2.000000e-04 -1.500000e-03 8.087658e-04 7.835585e-04
-2.000000e-04 -1.400000e-03 7.892999e-04 7.694886e-04
-2.000000e-04 -1.300000e-03 7.739310e-04 7.587814e-04
-2.000000e-04 -1.200000e-03 7.625362e-04 7.516489e-04
-2.000000e-04 -1.100000e-03 7.554007e-04 7.486984e-04
-2.000000e-04 -1.000000e-03 7.533739e-04 7.511872e-04
-2.000000e-04 -9.000000e-04 7.582971e-04 7.616573e-04
-2.000000e-04 -8.000000e-04 7.741725e-04 7.857232e-04
-2.000000e-04 -7.000000e-04 8.110120e-04 8.386555e-04
-2.000000e-04 -6.000000e-04 9.039646e-04 9.884210e-04
-2.000000e-04 -5.000000e-04 1.567126e-03 0.000000e+00
-2.000000e-04 -4.000000e-04 0.000000e+00 0.000000e+00
-2.000000e-04 -3.000000e-04 0.000000e+00 0.000000e+00
-2.000000e-04 -2.000000e-04 0.000000e+00 0.000000e+00
-2.000000e-04 -1.000000e-04 0.000000e+00 0.000000e+00
-2.000000e-04 5.421011e-20 0.000000e+00 0.000000e+00
-2.000000e-04 1.000000e-04 0.000000e+00 0.000000e+00
-2.000000e-04 2.000000e-04 5.229252e-08 5.002680e-08
-2.000000e-04 3.000000e-04 2.664405e-04 2.641178e-04
-2.000000e-04 4.000000e-04 3.002569e-04 2.985507e-04
-2.000000e-04 5.000000e-04 3.156997e-04 3.148226e-04
-2.000000e-04 6.000000e-04 3.228951e-04 3.229251e-04
-2.000000e-04 7.000000e-04 3.253614e-04 3.263434e-04
-2.000000e-04 8.000000e-04 3.247334e-04 3.267081e-04
-2.000000e-04 9.000000e-04 3.218811e-04 3.248982e-04
-2.000000e-04 1.000000e-03 3.172974e-04 3.214242e-04
-2.000000e-04 1.100000e-03 3.112606e-04 3.165901e-04
-2.000000e-04 1.200000e-03 3.039087e-04 3.105701e-04
-2.000000e-04 1.300000e-03 2.952717e-04 3.034467e-04
-2.000000e-04 1.400000e-03 2.852783e-04 2.952265e-04
-2.000000e-04 1.500000e-03 2.737368e-04 2.858412e-04
-2.000000e-04 1.600000e-03 2.602795e-04 2.751332e-04
-2.000000e-04 1.700000e-03 2.442249e-04 2.628155e-04
-2.000000e-04 1.800000e-03 2.242104e-04 2.483838e-04
-2.000000e-04 1.900000e-03 1.969219e-04 2.308989e-04
-2.000000e-04 2.000000e-03 1.489289e-04 2.083512e-04
-2.000000e-04 2.100000e-03 0.000000e+00 1.749133e-04
-1.000000e-04 -2.000000e-03 9.470966e-04 8.797083e-04
-1.000000e-04 -1.900000e-03 8.995841e-04 8.482158e-04
-1.000000e-04 -1.800000e-03 8.625322e-04 8.223942e-04
-1.000000e-04 -1.700000e-03 8.328428e-04 8.010731e-04
-1.000000e-04 -1.600000e-03 8.087658e-04 7.835585e-04
-1.000000e-04 -1.500000e-03 7.892999e-04 7.694886e-04
-1.000000e-04 -1.400000e-03 7.739310e-04 7.587814e-04
-1.000000e-04 -1.300000e-03 7.625362e-04 7.516489e-04
-1.000000e-04 -1.200000e-03 7.554007e-04 7.486984e-04
-1.000000e-04 -1.100000e-03 7.533739e-04 7.511872e-04
-1.000000e-04 -1.000000e-03 7.582971e-04 7.616573e-04
-1.000000e-04 -9.000000e-04 7.741725e-04 7.857232e-04
-1.000000e-04 -8.000000e-04 8.110120e-04 8.386555e-04
-1.000000e-04 -7.000000e-04 9.039646e-04 9.884210e-04
-1.000000e-04 -6.000000e-04 1.567126e-03 0.000000e+00
-1.000000e-04 -5.000000e-04 0.000000e+00 0.000000e+00
-1.000000e-04 -4.000000e-04 0.000000e+00 0.000000e+00
-1.000000e-04 -3.000000e-04 0.000000e+00 0.000000e+00
-1.000000e-04 -2.000000e-04 0.000000e+00 0.000000e+00
-1.000000e-04 -1.000000e-04 0.000000e+00 0.000000e+00
-1.000000e-04 5.421011e-20 0.000000e+00 0.000000e+00
-1.000000e-04 1.000000e-04 5.226961e-08 5.092925e-08
-1.000000e-04 2.000000e-04 2.664405e-04 2.641178e-04
-1.000000e-04 3.000000e-04 3.002569e-04 2.985507e-04
-1.000000e-04 4.000000e-04 3.156997e-04 3.148226e-04
-1.000000e-04 5.000000e-04 3.228951e-04 3.229251e-04
-1.000000e-04 6.000000e-04 3.253614e-04 3.263434e-04
-1.000000e-04 7.000000e-04 3.247334e-04 3.267081e-04
-1.000000e-04 8.000000e-04 3.218811e-04 3.248982e-04
-1.000000e-04 9.000000e-04 3.172974e-04 3.214242e-04
-1.000000e-04 1.000000e-03 3.112606e-04 3.165901e-04
-1.000000e-04 1.100000e-03 3.039087e-04 3.105701e-04
-1.000000e-04 1.200000e-03 2.952717e-04 3.034467e-04
-1.000000e-04 1.300000e-03 2.852783e-04 2.952265e-04
-1.000000e-04 1.400000e-03 2.737368e-04 2.858412e-04
-1.000000e-04 1.500000e-03 2.602795e-04 2.751332e-04
-1.000000e-04 1.600000e-03 2.442249e-04 2.628155e-04
-1.000000e-04 1.700000e-03 2.242104e-04 2.483838e-04
-1.000000e-04 1.800000e-03 1.969219e-04 2.308989e-04
-1.000000e-04 1.900000e-03 1.489289e-04 2.083512e-04
-1.000000e-04 2.000000e-03 0.000000e+00 1.749133e-04
-1.000000e-04 2.100000e-03 0.000000e+00 0.000000e+00
5.421011e-20 -2.000000e-03 8.995841e-04 8.482158e-04
5.421011e-20 -1.900000e-03 8.625322e-04 8.223942e-04
5.421011e-20 -1.800000e-03 8.328428e-04 8.010731e-04
5.421011e-20 -1.700000e-03 8.087658e-04 7.835585e-04
5.421011e-20 -1.600000e-03 7.892999e-04 7.694886e-04
5.421011e-20 -1.500000e-03 7.739310e-04 7.587814e-04
5.421011e-20 -1.400000e-03 7.625362e-04 7.516489e-04
5.421011e-20 -1.300000e-03 7.554007e-04 7.486984e-04
5.421011e-20 -1.200000e-03 7.533739e-04 7.511872e-04
5.421011e-20 -1.100000e-03 7.582971e-04 7.616573e-04
5.421011e-20 -1.000000e-03 7.741725e-04 7.857232e-04
5.421011e-20 -9.000000e-04 8.110120e-04 8.386555e-04
5.421011e-20 -8.000000e-04 9.039646e-04 9.884210e-04
5.421011e-20 -7.000000e-04 1.567126e-03 0.000000e+00
5.421011e-20 -6.000000e-04 0.000000e+00 0.000000e+00
5.421011e-20 -5.000000e-04 0.000000e+00 0.000000e+00
5.421011e-20 -4.000000e-04 0.000000e+00 0.000000e+00
5.421011e-20 -3.000000e-04 0.000000e+00 0.000000e+00
5.421011e-20 -2.000000e-04 0.000000e+00 0.000000e+00
5.421011e-20 -1.000000e-04 0.000000e+00 0.000000e+00
5.421011e-20 5.421011e-20 5.140583e-08 5.092925e-08
5.421011e-20 1.000000e-04 2.664405e-04 2.641178e-04
5.421011e-20 2.000000e-04 3.002569e-04 2.985507e-04
5.421011e-20 3.000000e-04 3.156997e-04 3.148226e-04
5.421011e-20 4.000000e-04 3.228951e-04 3.229251e-04
5.421011e-20 5.000000e-04 3.253614e-04 3.263434e-04
5.421011e-20 6.000000e-04 3.247334e-04 3.267081e-04
5.421011e-20 7.000000e-04 3.218811e-04 3.248982e-04
5.421011e-20 8.000000e-04 3.172974e-04 3.214242e-04
5.421011e-20 9.000000e-04 3.112606e-04 3.165901e-04
5.421011e-20 1.000000e-03 3.039087e-04 3.105701e-04
5.421011e-20 1.100000e-03 2.952717e-04 3.034467e-04
5.421011e-20 1.200000e-03 2.852783e-04 2.952265e-04
5.421011e-20 1.300000e-03 2.737368e-04 2.858412e-04
5.421011e-20 1.400000e-03 2.602795e-04 2.751332e-04
5.421011e-20 1.500000e-03 2.442249e-04 2.628155e-04
5.421011e-20 1.600000e-03 2.242104e-04 2.483838e-04
5.421011e-20 1.700000e-03 1.969219e-04 2.308989e-04
5.421011e-20 1.800000e-03 1.489289e-04 2.083512e-04
5.421011e-20 1.900000e-03 0.000000e+00 1.749133e-04
5.421011e-20 2.000000e-03 0.000000e+00 0.000000e+00
5.421011e-20 2.100000e-03 0.000000e+00 0.000000e+00
1.000000e-04 -2.000000e-03 8.625322e-04 8.223942e-04
1.000000e-04 -1.900000e-03 8.328428e-04 8.010731e-04
1.000000e-04 -1.800000e-03 8.087658e-04 7.835585e-04
1.000000e-04 -1.700000e-03 7.892999e-04 7.694886e-04
1.000000e-04 -1.600000e-03 7.739310e-04 7.587814e-04
1.000000e-04 -1.500000e-03 7.625362e-04 7.516489e-04
1.000000e-04 -1.400000e-03 7.554007e-04 7.486984e-04
1.000000e-04 -1.300000e-03 7.533739e-04 7.511872e-04
1.000000e-04 -1.200000e-03 7.582971e-04 7.616573e-04
1.000000e-04 -1.100000e-03 7.741725e-04 7.857232e-04
1.000000e-04 -1.000000e-03 8.110120e-04 8.386555e-04
1.000000e-04 -9.000000e-04 9.039646e-04 9.884210e-04
1.000000e-04 -8.000000e-04 1.567126e-03 0.000000e+00
1.000000e-04 -7.000000e-04 0.000000e+00 0.000000e+00
1.000000e-04 -6.000000e-04 0.000000e+00 0.000000e+00
1.000000e-04 -5.000000e-04 0.000000e+00 0.000000e+00
1.000000e-04 -4.000000e-04 0.000000e+00 0.000000e+00
1.000000e-04 -3.000000e-04 0.000000e+00 0.000000e+00
1.000000e-04 -2.000000e-04 0.000000e+00 0.000000e+00
1.000000e-04 -1.000000e-04 5.140583e-08 5.092925e-08
1.000000e-04 5.421011e-20 2.664405e-04 2.641178e-04
1.000000e-04 1.000000e-04 3.002569e-04 2.985507e-04
1.000000e-04 2.000000e-04 3.156997e-04 3.148226e-04
1.000000e-04 3.000000e-04 3.228951e-04 3.229251e-04
1.000000e-04 4.000000e-04 3.253614e-04 3.263434e-04
1.000000e-04 5.000000e-04 3.247334e-04 3.267081e-04
1.000000e-04 6.000000e-04 3.218811e-04 3.248982e-04
1.000000e-04 7.000000e-04 3.172974e-04 3.214242e-04
1.000000e-04 8.000000e-04 3.112606e-04 3.165901e-04
1.000000e-04 9.000000e-04 3.039087e-04 3.105701e-04
1.000000e-04 1.000000e-03 2.952717e-04 3.034467e-04
1.000000e-04 1.100000e-03 2.852783e-04 2.952265e-04
1.000000e-04 1.200000e-03 2.737368e-04 2.858412e-04
1.000000e-04 1.300000e-03 2.602795e-04 2.751332e-04
1.000000e-04 1.400000e-03 2.442249e-04 2.628155e-04
1.000000e-04 1.500000e-03 2.242104e-04 2.483838e-04
1.000000e-04 1.600000e-03 1.969219e-04 2.308989e-04
1.000000e-04 1.700000e-03 1.489289e-04 2.083512e-04
1.000000e-04 1.800000e-03 0.000000e+00 1.749133e-04
1.000000e-04 1.900000e-03 0.000000e+00 0.000000e+00
1.000000e-04 2.000000e-03 0.000000e+00 0.000000e+00
1.000000e-04 2.100000e-03 0.000000e+00 0.000000e+00
2.000000e-04 -2.000000e-03 8.328428e-04 8.010731e-04
2.000000e-04 -1.900000e-03 8.087658e-04 7.835585e-04
2.000000e-04 -1.800000e-03 7.892999e-04 7.694886e-04
2.000000e-04 -1.700000e-03 7.739310e-04 7.587814e-04
2.000000e-04 -1.600000e-03 7.625362e-04 7.516489e-04
2.000000e-04 -1.500000e-03 7.554007e-04 7.486984e-04
2.000000e-04 -1.400000e-03 7.533739e-04 7.511872e-04
2.000000e-04 -1.300000e-03 7.582971e-04 7.616573e-04
2.000000e-04 -1.200000e-03 7.741725e-04 7.857232e-04
2.000000e-04 -1.100000e-03 8.110120e-04 8.386555e-04
2.000000e-04 -1.000000e-03 9.039646e-04 9.884210e-04
2.000000e-04 -9.000000e-04 1.567126e-03 0.000000e+00
2.000000e-04 -8.000000e-04 0.000000e+00 0.000000e+00
2.000000e-04 -7.000000e-04 0.000000e+00 0.000000e+00
2.000000e-04 -6.000000e-04 0.000000e+00 0.000000e+00
2.000000e-04 -5.000000e-04 0.000000e+00 0.000000e+00
2.000000e-04 -4.000000e-04 0.000000e+00 0.000000e+00
2.000000e-04 -3.000000e-04 0.000000e+00 0.000000e+00
2.000000e-04 -2.000000e-04 5.229252e-08 5.092925e-08
2.000000e-04 -1.000000e-04 2.664405e-04 2.641178e-04
2.000000e-04 5.421011e-20 3.002569e-04 2.985507e-04
2.000000e-04 1.000000e-04 3.156997e-04 3.148226e-04
2.000000e-04 2.000000e-04 3.228951e-04 3.229251e-04
2.000000e-04 3.000000e-04 3.253614e-04 3.263434e-04
2.000000e-04 4.000000e-04 3.247334e-04 3.267081e-04
2.000000e-04 5.000000e-04 3.218811e-04 3.248982e-04
2.000000e-04 6.000000e-04 3.172974e-04 3.214242e-04
2.000000e-04 7.000000e-04 3.112606e-04 3.165901e-04
2.000000e-04 8.000000e-04 3.039087e-04 3.105701e-04
2.000000e-04 9.000000e-04 2.952717e-04 3.034467e-04
2.000000e-04 1.000000e-03 2.852783e-04 2.952265e-04
2.000000e-04 1.100000e-03 2.737368e-04 2.858412e-04
2.000000e-04 1.200000e-03 2.602795e-04 2.751332e-04
2.000000e-04 1.300000e-03 2.442249e-04 2.628155e-04
2.000000e-04 1.400000e-03 2.242104e-04 2.483838e-04
2.000000e-04 1.500000e-03 1.969219e-04 2.308989e-04
2.000000e-04 1.600000e-03 1.489289e-04 2.083512e-04
2.000000e-04 1.700000e-03 0.000000e+00 1.749133e-04
2.000000e-04 1.800000e-03 0.000000e+00 0.000000e+00
2.000000e-04 1.900000e-03 0.000000e+00 0.000000e+00
2.000000e-04 2.000000e-03 0.000000e+00 0.000000e+00
2.000000e-04 2.100000e-03 0.000000e+00 0.000000e+00
3.000000e-04 -2.000000e-03 8.087658e-04 7.835585e-04
3.000000e-04 -1.900000e-03 7.892999e-04 7.694886e-04
3.000000e-04 -1.800000e-03 7.739310e-04 7.587814e-04
3.000000e-04 -1.700000e-03 7.625362e-04 7.516489e-04
3.000000e-04 -1.600000e-03 7.554007e-04 7.486984e-04
3.000000e-04 -1.500000e-03 7.533739e-04 7.511872e-04
3.000000e-04 -1.400000e-03 7.582971e-04 7.616573e-04
3.000000e-04 -1.300000e-03 7.741725e-04 7.857232e-04
3.000000e-04 -1.200000e-03 8.110120e-04 8.386555e-04
3.000000e-04 -1.100000e-03 9.039646e-04 9.884210e-04
3.000000e-04 -1.000000e-03 1.567126e-03 0.000000e+00
3.000000e-04 -9.000000e-04 0.000000e+00 0.000000e+00
3.000000e-04 -8.000000e-04 0.000000e+00 0.000000e+00
3.000000e-04 -7.000000e-04 0.000000e+00 0.000000e+00
3.000000e-04 -6.000000e-04 0.000000e+00 0.000000e+00
3.000000e-04 -5.000000e-04 0.000000e+00 0.000000e+00
3.000000e-04 -4.000000e-04 0.000000e+00 0.000000e+00
3.000000e-04 -3.000000e-04 5.229252e-08 4.976959e-08
3.000000e-04 -2.000000e-04 2.664405e-04 2.641178e-04
3.000000e-04 -1.000000e-04 3.002569e-04 2.985507e-04
3.000000e-04 5.421011e-20 3.156997e-04 3.148226e-04
3.000000e-04 1.000000e-04 3.228951e-04 3.229251e-04
3.000000e-04 2.000000e-04 3.253614e-04 3.263434e-04
3.000000e-04 3.000000e-04 3.247334e-04 3.267081e-04
3.000000e-04 4.000000e-04 3.218811e-04 3.248982e-04
3.000000e-04 5.000000e-04 3.172974e-04 3.214242e-04
3.000000e-04 6.000000e-04 3.112606e-04 3.165901e-04
3.000000e-04 7.000000e-04 3.039087e-04 3.105701e-04
3.000000e-04 8.000000e-04 2.952717e-04 3.034467e-04
3.000000e-04 9.000000e-04 2.852783e-04 2.952265e-04
3.000000e-04 1.000000e-03 2.737368e-04 2.858412e-04
3.000000e-04 1.100000e-03 2.602795e-04 2.751332e-04
3.000000e-04 1.200000e-03 2.442249e-04 2.628155e-04
3.000000e-04 1.300000e-03 2.242104e-04 2.483838e-04
3.000000e-04 1.400000e-03 1.969219e-04 2.308989e-04
3.000000e-04 1.500000e-03 1.489289e-04 2.083512e-04
3.000000e-04 1.600000e-03 0.000000e+00 1.749133e-04
3.000000e-04 1.700000e-03 0.000000e+00 0.000000e+00
3.000000e-04 1.800000e-03 0.000000e+00 0.000000e+00
3.000000e-04 1.900000e-03 0.000000e+00 0.000000e+00
3.000000e-04 2.000000e-03 0.000000e+00 0.000000e+00
3.000000e-04 2.100000e-03 0.000000e+00 0.000000e+00
4.000000e-04 -2.000000e-03 7.892999e-04 7.694886e-04
4.000000e-04 -1.900000e-03 7.739310e-04 7.587814e-04
4.000000e-04 -1.800000e-03 7.625362e-04 7.516489e-04
4.000000e-04 -1.700000e-03 7.554007e-04 7.486984e-04
4.000000e-04 -1.600000e-03 7.533739e-04 7.511872e-04
4.000000e-04 -1.500000e-03 7.582971e-04 7.616573e-04
4.000000e-04 -1.400000e-03 7.741725e-04 7.857232e-04
4.000000e-04 -1.300000e-03 8.110120e-04 8.386555e-04
4.000000e-04 -1.200000e-03 9.039646e-04 9.884210e-04
4.000000e-04 -1.100000e-03 1.567126e-03 0.000000e+00
4.000000e-04 -1.000000e-03 0.000000e+00 0.000000e+00
4.000000e-04 -9.000000e-04 0.000000e+00 0.000000e+00
4.000000e-04 -8.000000e-04 0.000000e+00 0.000000e+00
4.000000e-04 -7.000000e-04 0.000000e+00 0.000000e+00
4.000000e-04 -6.000000e-04 0.000000e+00 0.000000e+00
4.000000e-04 -5.000000e-04 0.000000e+00 0.000000e+00
4.000000e-04 -4.000000e-04 5.182167e-08 5.092925e-08
4.000000e-04 -3.000000e-04 2.664405e-04 2.641178e-04
4.000000e-04 -2.000000e-04 3.002569e-04 2.985507e-04
4.000000e-04 -1.000000e-04 3.156997e-04 3.148226e-04
4.000000e-04 5.421011e-20 3.228951e-04 3.229251e-04
4.000000e-04 1.000000e-04 3.253614e-04 3.263434e-04
4.000000e-04 2.000000e-04 3.247334e-04 3.267081e-04
4.000000e-04 3.000000e-04 3.218811e-04 3.248982e-04
4.000000e-04 4.000000e-04 3.172974e-04 3.214242e-04
4.000000e-04 5.000000e-04 3.112606e-04 3.165901e-04
4.000000e-04 6.000000e-04 3.039087e-04 3.105701e-04
4.000000e-04 7.000000e-04 2.952717e-04 3.034467e-04
4.000000e-04 8.000000e-04 2.852783e-04 2.952265e-04
4.000000e-04 9.000000e-04 2.737368e-04 2.858412e-04
4.000000e-04 1.000000e-03 2.602795e-04 2.751332e-04
4.000000e-04 1.100000e-03 2.442249e-04 2.628155e-04
4.000000e-04 1.200000e-03 2.242104e-04 2.483838e-04
4.000000e-04 1.300000e-03 1.969219e-04 2.308989e-04
4.000000e-04 1.400000e-03 1.489289e-04 2.083512e-04
4.000000e-04 1.500000e-03 0.000000e+00 1.749133e-04
4.000000e-04 1.600000e-03 0.000000e+00 0.000000e+00
4.000000e-04 1.700000e-03 0.000000e+00 0.000000e+00
4.000000e-04 1.800000e-03 0.000000e+00 0.000000e+00
4.000000e-04 1.900000e-03 0.000000e+00 0.000000e+00
4.000000e-04 2.000000e-03 0.000000e+00 0.000000e+00
4.000000e-04 2.100000e-03 0.000000e+00 0.000000e+00
5.000000e-04 -2.000000e-03 7.739310e-04 7.587814e-04
5.000000e-04 -1.900000e-03 7.625362e-04 7.516489e-04
5.000000e-04 -1.800000e-03 7.554007e-04 7.486984e-04
5.000000e-04 -1.700000e-03 7.533739e-04 7.511872e-04
5.000000e-04 -1.600000e-03 7.582971e-04 7.616573e-04
5.000000e-04 -1.500000e-03 7.741725e-04 7.857232e-04
5.000000e-04 -1.400000e-03 8.110120e-04 8.386555e-04
5.000000e-04 -1.300000e-03 9.039646e-04 9.884210e-04
5.000000e-04 -1.200000e-03 1.567126e-03 0.000000e+00
5.000000e-04 -1.100000e-03 0.000000e+00 0.000000e+00
5.000000e-04 -1.000000e-03 0.000000e+00 0.000000e+00
5.000000e-04 -9.000000e-04 0.000000e+00 0.000000e+00
5.000000e-04 -8.000000e-04 0.000000e+00 0.000000e+00
5.000000e-04 -7.000000e-04 0.000000e+00 0.000000e+00
5.000000e-04 -6.000000e-04 0.000000e+00 0.000000e+00
5.000000e-04 -5.000000e-04 5.229252e-08 5.002680e-08
5.000000e-04 -4.000000e-04 2.664405e-04 2.641178e-04
5.000000e-04 -3.000000e-04 3.002569e-04 2.985507e-04
5.000000e-04 -2.000000e-04 3.156997e-04 3.148226e-04
5.000000e-04 -1.000000e-04 3.228951e-04 3.229251e-04
5.000000e-04 5.421011e-20 3.253614e-04 3.263434e-04
5.000000e-04 1.000000e-04 3.247334e-04 3.267081e-04
5.000000e-04 2.000000e-04 3.218811e-04 3.248982e-04
5.000000e-04 3.000000e-04 3.172974e-04 3.214242e-04
5.000000e-04 4.000000e-04 3.112606e-04 3.165901e-04
5.000000e-04 5.000000e-04 3.039087e-04 3.105701e-04
5.000000e-04 6.000000e-04 2.952717e-04 3.034467e-04
5.000000e-04 7.000000e-04 2.852783e-04 2.952265e-04
5.000000e-04 8.000000e-04 2.737368e-04 2.858412e-04
5.000000e-04 9.000000e-04 2.602795e-04 2.751332e-04
5.000000e-04 1.000000e-03 2.442249e-04 2.628155e-04
5.000000e-04 1.100000e-03 2.242104e-04 2.483838e-04
5.000000e-04 1.200000e-03 1.969219e-04 2.308989e-04
5.000000e-04 1.300000e-03 1.489289e-04 2.083512e-04
5.000000e-04 1.400000e-03 0.000000e+00 1.749133e-04
5.000000e-04 1.500000e-03 0.000000e+00 0.000000e+00
5.000000e-04 1.600000e-03 0.000000e+00 0.000000e+00
5.000000e-04 1.700000e-03 0.000000e+00 0.000000e+00
5.000000e-04 1.800000e-03 0.000000e+00 0.000000e+00
5.000000e-04 1.900000e-03 0.000000e+00 0.000000e+00
5.000000e-04 2.000000e-03 0.000000e+00 0.000000e+00
5.000000e-04 2.100000e-03 0.000000e+00 0.000000e+00
6.000000e-04 -2.000000e-03 7.625362e-04 7.516489e-04
6.000000e-04 -1.900000e-03 7.554007e-04 7.486984e-04
6.000000e-04 -1.800000e-03 7.533739e-04 7.511872e-04
6.000000e-04 -1.700000e-03 7.582971e-04 7.616573e-04
6.000000e-04 -1.600000e-03 7.741725e-04 7.857232e-04
6.000000e-04 -1.500000e-03 8.110120e-04 8.386555e-04
6.000000e-04 -1.400000e-03 9.039646e-04 9.884210e-04
6.000000e-04 -1.300000e-03 1.567126e-03 0.000000e+00
6.000000e-04 -1.200000e-03 0.000000e+00 0.000000e+00
6.000000e-04 -1.100000e-03 0.000000e+00 0.000000e+00
6.000000e-04 -1.000000e-03 0.000000e+00 0.000000e+00
6.000000e-04 -9.000000e-04 0.000000e+00 0.000000e+00
6.000000e-04 -8.000000e-04 0.000000e+00 0.000000e+00
6.000000e-04 -7.000000e-04 0.000000e+00 0.000000e+00
6.000000e-04 -6.000000e-04 5.226961e-08 5.092925e-08
6.000000e-04 -5.000000e-04 2.664405e-04 2.641178e-04
6.000000e-04 -4.000000e-04 3.002569e-04 2.985507e-04
6.000000e-04 -3.000000e-04 3.156997e-04 3.148226e-04
6.000000e-04 -2.000000e-04 3.228951e-04 3.229251e-04
6.000000e-04 -1.000000e-04 3.253614e-04 3.263434e-04
6.000000e-04 5.421011e-20 3.247334e-04 3.267081e-04
6.000000e-04 1.000000e-04 3.218811e-04 3.248982e-04
6.000000e-04 2.000000e-04 3.172974e-04 3.214242e-04
6.000000e-04 3.000000e-04 3.112606e-04 3.165901e-04
6.000000e-04 4.000000e-04 3.039087e-04 3.105701e-04
6.000000e-04 5.000000e-04 2.952717e-04 3.034467e-04
6.000000e-04 6.000000e-04 2.852783e-04 2.952265e-04
6.000000e-04 7.000000e-04 2.737368e-04 2.858412e-04
6.000000e-04 8.000000e-04 2.602795e-04 2.751332e-04
6.000000e-04 9.000000e-04 2.442249e-04 2.628155e-04
6.000000e-04 1.000000e-03 2.242104e-04 2.483838e-04
6.000000e-04 1.100000e-03 1.969219e-04 2.308989e-04
6.000000e-04 1.200000e-03 1.489289e-04 2.083512e-04
6.000000e-04 1.300000e-03 0.000000e+00 1.749133e-04
6.000000e-04 1.400000e-03 0.000000e+00 0.000000e+00
6.000000e-04 1.500000e-03 0.000000e+00 0.000000e+00
6.000000e-04 1.600000e-03 0.000000e+00 0.000000e+00
6.000000e-04 1.700000e-03 0.000000e+00 0.000000e+00
6.000000e-04 1.800000e-03 0.000000e+00 0.000000e+00
6.000000e-04 1.900000e-03 0.000000e+00 0.000000e+00
6.000000e-04 2.000000e-03 0.000000e+00 0.000000e+00
6.000000e-04 2.100000e-03 0.000000e+00 0.000000e+00
7.000000e-04 -2.000000e-03 7.554007e-04 7.486984e-04
7.000000e-04 -1.900000e-03 7.533739e-04 7.511872e-04
7.000000e-04 -1.800000e-03 7.582971e-04 7.616573e-04
7.000000e-04 -1.700000e-03 7.741725e-04 7.857232e-04
7.000000e-04 -1.600000e-03 8.110120e-04 8.386555e-04
7.000000e-04 -1.500000e-03 9.039646e-04 9.884210e-04
7.000000e-04 -1.400000e-03 1.567126e-03 0.000000e+00
7.000000e-04 -1.300000e-03 0.000000e+00 0.000000e+00
7.000000e-04 -1.200000e-03 0.000000e+00 0.000000e+00
7.000000e-04 -1.100000e-03 0.000000e+00 0.000000e+00
7.000000e-04 -1.000000e-03 0.000000e+00 0.000000e+00
7.000000e-04 -9.000000e-04 0.000000e+00 0.000000e+00
7.000000e-04 -8.000000e-04 0.000000e+00 0.000000e+00
7.000000e-04 -7.000000e-04 5.182167e-08 5.092925e-08
7.000000e-04 -6.000000e-04 2.664405e-04 2.641178e-04
7.000000e-04 -5.000000e-04 3.002569e-04 2.985507e-04
7.000000e-04 -4.000000e-04 3.156997e-04 3.148226e-04
7.000000e-04 -3.000000e-04 3.228951e-04 3.229251e-04
7.000000e-04 -2.000000e-04 3.253614e-04 3.263434e-04
7.000000e-04 -1.000000e-04 3.247334e-04 3.267081e-04
7.000000e-04 5.421011e-20 3.218811e-04 3.248982e-04
7.000000e-04 1.000000e-04 3.172974e-04 3.214242e-04
7.000000e-04 2.000000e-04 3.112606e-04 3.165901e-04
7.000000e-04 3.000000e-04 3.039087e-04 3.105701e-04
7.000000e-04 4.000000e-04 2.952717e-04 3.034467e-04
7.000000e-04 5.000000e-04 2.852783e-04 2.952265e-04
7.000000e-04 6.000000e-04 2.737368e-04 2.858412e-04
7.000000e-04 7.000000e-04 2.602795e-04 2.751332e-04
7.000000e-04 8.000000e-04 2.442249e-04 2.628155e-04
7.000000e-04 9.000000e-04 2.242104e-04 2.483838e-04
7.000000e-04 1.000000e-03 1.969219e-04 2.308989e-04
7.000000e-04 1.100000e-03 1.489289e-04 2.083512e-04
7.000000e-04 1.200000e-03 0.000000e+00 1.749133e-04
7.000000e-04 1.300000e-03 0.000000e+00 0.000000e+00
7.000000e-04 1.400000e-03 0.000000e+00 0.000000e+00
7.000000e-04 1.500000e-03 0.000000e+00 0.000000e+00
7.000000e-04 1.600000e-03 0.000000e+00 0.000000e+00
7.000000e-04 1.700000e-03 0.000000e+00 0.000000e+00
7.000000e-04 1.800000e-03 0.000000e+00 0.000000e+00
7.000000e-04 1.900000e-03 0.000000e+00 0.000000e+00
7.000000e-04 2.000000e-03 0.000000e+00 0.000000e+00
7.000000e-04 2.100000e-03 0.000000e+00 0.000000e+00
8.000000e-04 -2.000000e-03 7.533739e-04 7.511872e-04
8.000000e-04 -1.900000e-03 7.582971e-04 7.616573e-04
8.000000e-04 -1.800000e-03 7.741725e-04 7.857232e-04
8.000000e-04 -1.700000e-03 8.110120e-04 8.386555e-04
8.000000e-04 -1.600000e-03 9.039646e-04 9.884210e-04
8.000000e-04 -1.500000e-03 1.567126e-03 0.000000e+00
8.000000e-04 -1.400000e-03 0.000000e+00 0.000000e+00
8.000000e-04 -1.300000e-03 0.000000e+00 0.000000e+00
8.000000e-04 -1.200000e-03 0.000000e+00 0.000000e+00
8.000000e-04 -1.100000e-03 0.000000e+00 0.000000e+00
8.000000e-04 -1.000000e-03 0.000000e+00 0.000000e+00
8.000000e-04 -9.000000e-04 0.000000e+00 0.000000e+00
8.000000e-04 -8.000000e-04 5.140583e-08 5.068218e-08
8.000000e-04 -7.000000e-04 2.664405e-04 2.641178e-04
8.000000e-04 -6.000000e-04 3.002569e-04 2.985507e-04
8.000000e-04 -5.000000e-04 3.156997e-04 3.148226e-04
8.000000e-04 -4.000000e-04 3.228951e-04 3.229251e-04
8.000000e-04 -3.000000e-04 3.253614e-04 3.263434e-04
8.000000e-04 -2.000000e-04 3.247334e-04 3.267081e-04
8.000000e-04 -1.000000e-04 3.218811e-04 3.248982e-04
8.000000e-04 5.421011e-20 3.172974e-04 3.214242e-04
8.000000e-04 1.000000e-04 3.112606e-04 3.165901e-04
8.000000e-04 2.000000e-04 3.039087e-04 3.105701e-04
8.000000e-04 3.000000e-04 2.952717e-04 3.034467e-04
8.000000e-04 4.000000e-04 2.852783e-04 2.952265e-04
8.000000e-04 5.000000e-04 2.737368e-04 2.858412e-04
8.000000e-04 6.000000e-04 2.602795e-04 2.751332e-04
8.000000e-04 7.000000e-04 2.442249e-04 2.628155e-04
8.000000e-04 8.000000e-04 2.242104e-04 2.483838e-04
8.000000e-04 9.000000e-04 1.969219e-04 2.308989e-04
8.000000e-04 1.000000e-03 1.489289e-04 2.083512e-04
8.000000e-04 1.100000e-03 0.000000e+00 1.749133e-04
8.000000e-04 1.200000e-03 0.000000e+00 0.000000e+00
8.000000e-04 1.300000e-03 0.000000e+00 0.000000e+00
8.000000e-04 1.400000e-03 0.000000e+00 0.000000e+00
8.000000e-04 1.500000e-03 0.000000e+00 0.000000e+00
8.000000e-04 1.600000e-03 0.000000e+00 0.000000e+00
8.000000e-04 1.700000e-03 0.000000e+00 0.000000e+00
8.000000e-04 1.800000e-03 0.000000e+00 0.000000e+00
8.000000e-04 1.900000e-03 0.000000e+00 0.000000e+00
8.000000e-04 2.000000e-03 0.000000e+00 0.000000e+00
8.000000e-04 2.100000e-03 0.000000e+00 0.000000e+00
9.000000e-04 -2.000000e-03 7.582971e-04 7.616573e-04
9.000000e-04 -1.900000e-03 7.741725e-04 7.857232e-04
9.000000e-04 -1.800000e-03 8.110120e-04 8.386555e-04
9.000000e-04 -1.700000e-03 9.039646e-04 9.884210e-04
9.000000e-04 -1.600000e-03 1.567126e-03 0.000000e+00
9.000000e-04 -1.500000e-03 0.000000e+00 0.000000e+00
9.000000e-04 -1.400000e-03 0.000000e+00 0.000000e+00
9.000000e-04 -1.300000e-03 0.000000e+00 0.000000e+00
9.000000e-04 -1.200000e-03 0.000000e+00 0.000000e+00
9.000000e-04 -1.100000e-03 0.000000e+00 0.000000e+00
9.000000e-04 -1.000000e-03 0.000000e+00 0.000000e+00
9.000000e-04 -9.000000e-04 5.229252e-08 5.066001e-08
9.000000e-04 -8.000000e-04 2.664405e-04 2.641178e-04
9.000000e-04 -7.000000e-04 3.002569e-04 2.985507e-04
9.000000e-04 -6.000000e-04 3.156997e-04 3.148226e-04
9.000000e-04 -5.000000e-04 3.228951e-04 3.229251e-04
9.000000e-04 -4.000000e-04 3.253614e-04 3.263434e-04
9.000000e-04 -3.000000e-04 3.247334e-04 3.267081e-04
9.000000e-04 -2.000000e-04 3.218811e-04 3.248982e-04
9.000000e-04 -1.000000e-04 3.172974e-04 3.214242e-04
9.000000e-04 5.421011e-20 3.112606e-04 3.165901e-04
9.000000e-04 1.000000e-04 3.039087e-04 3.105701e-04
9.000000e-04 2.000000e-04 2.952717e-04 3.034467e-04
9.000000e-04 3.000000e-04 2.852783e-04 2.952265e-04
9.000000e-04 4.000000e-04 2.737368e-04 2.858412e-04
9.000000e-04 5.000000e-04 2.602795e-04 2.751332e-04
9.000000e-04 6.000000e-04 2.442249e-04 2.628155e-04
9.000000e-04 7.000000e-04 2.242104e-04 2.483838e-04
9.000000e-04 8.000000e-04 1.969219e-04 2.308989e-04
9.000000e-04 9.000000e-04 1.489289e-04 2.083512e-04
9.000000e-04 1.000000e-03 0.000000e+00 1.749133e-04
9.000000e-04 1.100000e-03 0.000000e+00 0.000000e+00
9.000000e-04 1.200000e-03 0.000000e+00 0.000000e+00
9.000000e-04 1.300000e-03 0.000000e+00 0.000000e+00
9.000000e-04 1.400000e-03 0.000000e+00 0.000000e+00
9.000000e-04 1.500000e-03 0.000000e+00 0.000000e+00
9.000000e-04 1.600000e-03 0.000000e+00 0.000000e+00
9.000000e-04 1.700000e-03 0.000000e+00 0.000000e+00
9.000000e-04 1.800000e-03 0.000000e+00 0.000000e+00
9.000000e-04 1.900000e-03 0.000000e+00 0.000000e+00
9.000000e-04 2.000000e-03 0.000000e+00 0.000000e+00
9.000000e-04 2.100000e-03 0.000000e+00 0.000000e+00
1.000000e-03 -2.000000e-03 7.741725e-04 7.857232e-04
1.000000e-03 -1.900000e-03 8.110120e-04 8.386555e-04
1.000000e-03 -1.800000e-03 9.039646e-04 9.884210e-04
1.000000e-03 -1.700000e-03 1.567126e-03 0.000000e+00
1.000000e-03 -1.600000e-03 0.000000e+00 0.000000e+00
1.000000e-03 -1.500000e-03 0.000000e+00 0.000000e+00
1.000000e-03 -1.400000e-03 0.000000e+00 0.000000e+00
1.000000e-03 -1.300000e-03 0.000000e+00 0.000000e+00
1.000000e-03 -1.200000e-03 0.000000e+00 0.000000e+00
1.000000e-03 -1.100000e-03 0.000000e+00 0.000000e+00
1.000000e-03 -1.000000e-03 5.067091e-08 4.976959e-08
1.000000e-03 -9.000000e-04 2.664405e-04 2.641178e-04
1.000000e-03 -8.000000e-04 3.002569e-04 2.985507e-04
1.000000e-03 -7.000000e-04 3.156997e-04 3.148226e-04
1.000000e-03 -6.000000e-04 3.228951e-04 3.229251e-04
1.000000e-03 -5.000000e-04 3.253614e-04 3.263434e-04
1.000000e-03 -4.000000e-04 3.247334e-04 3.267081e-04
1.000000e-03 -3.000000e-04 3.218811e-04 3.248982e-04
1.000000e-03 -2.000000e-04 3.172974e-04 3.214242e-04
1.000000e-03 -1.000000e-04 3.112606e-04 3.165901e-04
1.000000e-03 5.421011e-20 3.039087e-04 3.105701e-04
1.000000e-03 1.000000e-04 2.952717e-04 3.034467e-04
1.000000e-03 2.000000e-04 2.852783e-04 2.952265e-04
1.000000e-03 3.000000e-04 2.737368e-04 2.858412e-04
1.000000e-03 4.000000e-04 2.602795e-04 2.751332e-04
1.000000e-03 5.000000e-04 2.442249e-04 2.628155e-04
1.000000e-03 6.000000e-04 2.242104e-04 2.483838e-04
1.000000e-03 7.000000e-04 1.969219e-04 2.308989e-04
1.000000e-03 8.000000e-04 1.489289e-04 2.083512e-04
1.000000e-03 9.000000e-04 0.000000e+00 1.749133e-04
1.000000e-03 1.000000e-03 0.000000e+00 0.000000e+00
1.000000e-03 1.100000e-03 0.000000e+00 0.000000e+00
1.000000e-03 1.200000e-03 0.000000e+00 0.000000e+00
1.000000e-03 1.300000e-03 0.000000e+00 0.000000e+00
1.000000e-03 1.400000e-03 0.000000e+00 0.000000e+00
1.000000e-03 1.500000e-03 0.000000e+00 0.000000e+00
1.000000e-03 1.600000e-03 0.000000e+00 0.000000e+00
1.000000e-03 1.700000e-03 0.000000e+00 0.000000e+00
1.000000e-03 1.800000e-03 0.000000e+00 0.000000e+00
1.000000e-03 1.900000e-03 0.000000e+00 0.000000e+00
1.000000e-03 2.000000e-03 0.000000e+00 0.000000e+00
1.000000e-03 2.100000e-03 0.000000e+00 0.000000e+00
1.100000e-03 -2.000000e-03 8.110120e-04 8.386555e-04
1.100000e-03 -1.900000e-03 9.039646e-04 9.884210e-04
1.100000e-03 -1.800000e-03 1.567126e-03 0.000000e+00
1.100000e-03 -1.700000e-03 0.000000e+00 0.000000e+00
1.100000e-03 -1.600000e-03 0.000000e+00 0.000000e+00
1.100000e-03 -1.500000e-03 0.000000e+00 0.000000e+00
1.100000e-03 -1.400000e-03 0.000000e+00 0.000000e+00
1.100000e-03 -1.300000e-03 0.000000e+00 0.000000e+00
1.100000e-03 -1.200000e-03 0.000000e+00 0.000000e+00
1.100000e-03 -1.100000e-03 5.226961e-08 5.092925e-08
1.100000e-03 -1.000000e-03 2.664405e-04 2.641178e-04
1.100000e-03 -9.000000e-04 3.002569e-04 2.985507e-04
1.100000e-03 -8.000000e-04 3.156997e-04 3.148226e-04
1.100000e-03 -7.000000e-04 3.228951e-04 3.229251e-04
1.100000e-03 -6.000000e-04 3.253614e-04 3.263434e-04
1.100000e-03 -5.000000e-04 3.247334e-04 3.267081e-04
1.100000e-03 -4.000000e-04 3.218811e-04 3.248982e-04
1.100000e-03 -3.000000e-04 3.172974e-04 3.214242e-04
1.100000e-03 -2.000000e-04 3.112606e-04 3.165901e-04
1.100000e-03 -1.000000e-04 3.039087e-04 3.105701e-04
1.100000e-03 5.421011e-20 2.952717e-04 3.034467e-04
1.100000e-03 1.000000e-04 2.852783e-04 2.952265e-04
1.100000e-03 2.000000e-04 2.737368e-04 2.858412e-04
1.100000e-03 3.000000e-04 2.602795e-04 2.751332e-04
1.100000e-03 4.000000e-04 2.442249e-04 2.628155e-04
1.100000e-03 5.000000e-04 2.242104e-04 2.483838e-04
1.100000e-03 6.000000e-04 1.969219e-04 2.308989e-04
1.100000e-03 7.000000e-04 1.489289e-04 2.083512e-04
1.100000e-03 8.000000e-04 0.000000e+00 1.749133e-04
1.100000e-03 9.000000e-04 0.000000e+00 0.000000e+00
1.100000e-03 1.000000e-03 0.000000e+00 0.000000e+00
1.100000e-03 1.100000e-03 0.000000e+00 0.000000e+00
1.100000e-03 1.200000e-03 0.000000e+00 0.000000e+00
1.100000e-03 1.300000e-03 0.000000e+00 0.000000e+00
1.100000e-03 1.400000e-03 0.000000e+00 0.000000e+00
1.100000e-03 1.500000e-03 0.000000e+00 0.000000e+00
1.100000e-03 1.600000e-03 0.000000e+00 0.000000e+00
1.100000e-03 1.700000e-03 0.000000e+00 0.000000e+00
1.100000e-03 1.800000e-03 0.000000e+00 0.000000e+00
1.100000e-03 1.900000e-03 0.000000e+00 0.000000e+00
1.100000e-03 2.000000e-03 0.000000e+00 0.000000e+00
1.100000e-03 2.100000e-03 0.000000e+00 0.000000e+00
1.200000e-03 -2.000000e-03 9.039646e-04 9.884210e-04
1.200000e-03 -1.900000e-03 1.567126e-03 0.000000e+00
1.200000e-03 -1.800000e-03 0.000000e+00 0.000000e+00
1.200000e-03 -1.700000e-03 0.000000e+00 0.000000e+00
1.200000e-03 -1.600000e-03 0.000000e+00 0.000000e+00
1.200000e-03 -1.500000e-03 0.000000e+00 0.000000e+00
1.200000e-03 -1.400000e-03 0.000000e+00 0.000000e+00
1.200000e-03 -1.300000e-03 0.000000e+00 0.000000e+00
1.200000e-03 -1.200000e-03 5.140583e-08 4.976959e-08
1.200000e-03 -1.100000e-03 2.664405e-04 2.641178e-04
1.200000e-03 -1.000000e-03 3.002569e-04 2.985507e-04
1.200000e-03 -9.000000e-04 3.156997e-04 3.148226e-04
1.200000e-03 -8.000000e-04 3.228951e-04 3.229251e-04
1.200000e-03 -7.000000e-04 3.253614e-04 3.263434e-04
1.200000e-03 -6.000000e-04 3.247334e-04 3.267081e-04
1.200000e-03 -5.000000e-04 3.218811e-04 3.248982e-04
1.200000e-03 -4.000000e-04 3.172974e-04 3.214242e-04
1.200000e-03 -3.000000e-04 3.112606e-04 3.165901e-04
1.200000e-03 -2.000000e-04 3.039087e-04 3.105701e-04
1.200000e-03 -1.000000e-04 2.952717e-04 3.034467e-04
1.200000e-03 5.421011e-20 2.852783e-04 2.952265e-04
1.200000e-03 1.000000e-04 2.737368e-04 2.858412e-04
1.200000e-03 2.000000e-04 2.602795e-04 2.751332e-04
1.200000e-03 3.000000e-04 2.442249e-04 2.628155e-04
1.200000e-03 4.000000e-04 2.242104e-04 2.483838e-04
1.200000e-03 5.000000e-04 1.969219e-04 2.308989e-04
1.200000e-03 6.000000e-04 1.489289e-04 2.083512e-04
1.200000e-03 7.000000e-04 0.000000e+00 1.749133e-04
1.200000e-03 8.000000e-04 0.000000e+00 0.000000e+00
1.200000e-03 9.000000e-04 0.000000e+00 0.000000e+00
1.200000e-03 1.000000e-03 0.000000e+00 0.000000e+00
1.200000e-03 1.100000e-03 0.000000e+00 0.000000e+00
1.200000e-03 1.200000e-03 0.000000e+00 0.000000e+00
1.200000e-03 1.300000e-03 0.000000e+00 0.000000e+00
1.200000e-03 1.400000e-03 0.000000e+00 0.000000e+00
1.200000e-03 1.500000e-03 0.000000e+00 0.000000e+00
1.200000e-03 1.600000e-03 0.000000e+00 0.000000e+00
1.200000e-03 1.700000e-03 0.000000e+00 0.000000e+00
1.200000e-03 1.800000e-03 0.000000e+00 0.000000e+00
1.200000e-03 1.900000e-03 0.000000e+00 0.000000e+00
1.200000e-03 2.000000e-03 0.000000e+00 0.000000e+00
1.200000e-03 2.100000e-03 0.000000e+00 0.000000e+00
1.300000e-03 -2.000000e-03 1.567126e-03 0.000000e+00
1.300000e-03 -1.900000e-03 0.000000e+00 0.000000e+00
1.300000e-03 -1.800000e-03 0.000000e+00 0.000000e+00
1.300000e-03 -1.700000e-03 0.000000e+00 0.000000e+00
1.300000e-03 -1.600000e-03 0.000000e+00 0.000000e+00
1.300000e-03 -1.500000e-03 0.000000e+00 0.000000e+00
1.300000e-03 -1.400000e-03 0.000000e+00 0.000000e+00
1.300000e-03 -1.300000e-03 5.150750e-08 5.066001e-08
1.300000e-03 -1.200000e-03 2.664405e-04 2.641178e-04
1.300000e-03 -1.100000e-03 3.002569e-04 2.985507e-04
1.300000e-03 -1.000000e-03 3.156997e-04 3.148226e-04
1.300000e-03 -9.000000e-04 3.228951e-04 3.229251e-04
1.300000e-03 -8.000000e-04 3.253614e-04 3.263434e-04
1.300000e-03 -7.000000e-04 3.247334e-04 3.267081e-04
1.300000e-03 -6.000000e-04 3.218811e-04 3.248982e-04
1.300000e-03 -5.000000e-04 3.172974e-04 3.214242e-04
1.300000e-03 -4.000000e-04 3.112606e-04 3.165901e-04
1.300000e-03 -3.000000e-04 3.039087e-04 3.105701e-04
1.300000e-03 -2.000000e-04 2.952717e-04 3.034467e-04
1.300000e-03 -1.000000e-04 2.852783e-04 2.952265e-04
1.300000e-03 5.421011e-20 2.737368e-04 2.858412e-04
1.300000e-03 1.000000e-04 2.602795e-04 2.751332e-04
1.300000e-03 2.000000e-04 2.442249e-04 2.628155e-04
1.300000e-03 3.000000e-04 2.242104e-04 2.483838e-04
1.300000e-03 4.000000e-04 1.969219e-04 2.308989e-04
1.300000e-03 5.000000e-04 1.489289e-04 2.083512e-04
1.300000e-03 6.000000e-04 0.000000e+00 1.749133e-04
1.300000e-03 7.000000e-04 0.000000e+00 0.000000e+00
1.300000e-03 8.000000e-04 0.000000e+00 0.000000e+00
1.300000e-03 9.000000e-04 0.000000e+00 0.000000e+00
1.300000e-03 1.000000e-03 0.000000e+00 0.000000e+00
1.300000e-03 1.100000e-03 0.000000e+00 0.000000e+00
1.300000e-03 1.200000e-03 0.000000e+00 0.000000e+00
1.300000e-03 1.300000e-03 0.000000e+00 0.000000e+00
1.300000e-03 1.400000e-03 0.000000e+00 0.000000e+00
1.300000e-03 1.500000e-03 0.000000e+00 0.000000e+00
1.300000e-03 1.600000e-03 0.000000e+00 0.000000e+00
1.300000e-03 1.700000e-03 0.000000e+00 0.000000e+00
1.300000e-03 1.800000e-03 0.000000e+00 0.000000e+00
1.300000e-03 1.900000e-03 0.000000e+00 0.000000e+00
1.300000e-03 2.000000e-03 0.000000e+00 0.000000e+00
1.300000e-03 2.100000e-03 0.000000e+00 0.000000e+00
1.400000e-03 -2.000000e-03 0.000000e+00 0.000000e+00
1.400000e-03 -1.900000e-03 0.000000e+00 0.000000e+00
1.400000e-03 -1.800000e-03 0.000000e+00 0.000000e+00
1.400000e-03 -1.700000e-03 0.000000e+00 0.000000e+00
1.400000e-03 -1.600000e-03 0.000000e+00 0.000000e+00
1.400000e-03 -1.500000e-03 0.000000e+00 0.000000e+00
1.400000e-03 -1.400000e-03 5.317723e-08 5.092925e-08
1.400000e-03 -1.300000e-03 2.664405e-04 2.641178e-04
1.400000e-03 -1.200000e-03 3.002569e-04 2.985507e-04
1.400000e-03 -1.100000e-03 3.156997e-04 3.148226e-04
1.400000e-03 -1.000000e-03 3.228951e-04 3.229251e-04
1.400000e-03 -9.000000e-04 3.253614e-04 3.263434e-04
1.400000e-03 -8.000000e-04 3.247334e-04 3.267081e-04
1.400000e-03 -7.000000e-04 3.218811e-04 3.248982e-04
1.400000e-03 -6.000000e-04 3.172974e-04 3.214242e-04
1.400000e-03 -5.000000e-04 3.112606e-04 3.165901e-04
1.400000e-03 -4.000000e-04 3.039087e-04 3.105701e-04
1.400000e-03 -3.000000e-04 2.952717e-04 3.034467e-04
1.400000e-03 -2.000000e-04 2.852783e-04 2.952265e-04
1.400000e-03 -1.000000e-04 2.737368e-04 2.858412e-04
1.400000e-03 5.421011e-20 2.602795e-04 2.751332e-04
1.400000e-03 1.000000e-04 2.442249e-04 2.628155e-04
1.400000e-03 2.000000e-04 2.242104e-04 2.483838e-04
1.400000e-03 3.000000e-04 1.969219e-04 2.308989e-04
1.400000e-03 4.000000e-04 1.489289e-04 2.083512e-04
1.400000e-03 5.000000e-04 0.000000e+00 1.749133e-04
1.400000e-03 6.000000e-04 0.000000e+00 0.000000e+00
1.400000e-03 7.000000e-04 0.000000e+00 0.000000e+00
1.400000e-03 8.000000e-04 0.000000e+00 0.000000e+00
1.400000e-03 9.000000e-04 0.000000e+00 0.000000e+00
1.400000e-03 1.000000e-03 0.000000e+00 0.000000e+00
1.400000e-03 1.100000e-03 0.000000e+00 0.000000e+00
1.400000e-03 1.200000e-03 0.000000e+00 0.000000e+00
1.400000e-03 1.300000e-03 0.000000e+00 0.000000e+00
1.400000e-03 1.400000e-03 0.000000e+00 0.000000e+00
1.400000e-03 1.500000e-03 0.000000e+00 0.000000e+00
1.400000e-03 1.600000e-03 0.000000e+00 0.000000e+00
1.400000e-03 1.700000e-03 0.000000e+00 0.000000e+00
1.400000e-03 1.800000e-03 0.000000e+00 0.000000e+00
1.400000e-03 1.900000e-03 0.000000e+00 0.000000e+00
1.400000e-03 2.000000e-03 0.000000e+00 0.000000e+00
1.400000e-03 2.100000e-03 0.000000e+00 0.000000e+00
1.500000e-03 -2.000000e-03 0.000000e+00 0.000000e+00
1.500000e-03 -1.900000e-03 0.000000e+00 0.000000e+00
1.500000e-03 -1.800000e-03 0.000000e+00 0.000000e+00
1.500000e-03 -1.700000e-03 0.000000e+00 0.000000e+00
1.500000e-03 -1.600000e-03 0.000000e+00 0.000000e+00
1.500000e-03 -1.500000e-03 5.229252e-08 4.976959e-08
1.500000e-03 -1.400000e-03 2.664405e-04 2.641178e-04
1.500000e-03 -1.300000e-03 3.002569e-04 2.985507e-04
1.500000e-03 -1.200000e-03 3.156997e-04 3.148226e-04
1.500000e-03 -1.100000e-03 3.228951e-04 3.229251e-04
1.500000e-03 -1.000000e-03 3.253614e-04 3.263434e-04
1.500000e-03 -9.000000e-04 3.247334e-04 3.267081e-04
1.500000e-03 -8.000000e-04 3.218811e-04 3.248982e-04
1.500000e-03 -7.000000e-04 3.172974e-04 3.214242e-04
1.500000e-03 -6.000000e-04 3.112606e-04 3.165901e-04
1.500000e-03 -5.000000e-04 3.039087e-04 3.105701e-04
1.500000e-03 -4.000000e-04 2.952717e-04 3.034467e-04
1.500000e-03 -3.000000e-04 2.852783e-04 2.952265e-04
1.500000e-03 -2.000000e-04 2.737368e-04 2.858412e-04
1.500000e-03 -1.000000e-04 2.602795e-04 2.751332e-04
1.500000e-03 5.421011e-20 2.442249e-04 2.628155e-04
1.500000e-03 1.000000e-04 2.242104e-04 2.483838e-04
1.500000e-03 2.000000e-04 1.969219e-04 2.308989e-04
1.500000e-03 3.000000e-04 1.489289e-04 2.083512e-04
1.500000e-03 4.000000e-04 0.000000e+00 1.749133e-04
1.500000e-03 5.000000e-04 0.000000e+00 0.000000e+00
1.500000e-03 6.000000e-04 0.000000e+00 0.000000e+00
1.500000e-03 7.000000e-04 0.000000e+00 0.000000e+00
1.500000e-03 8.000000e-04 0.000000e+00 0.000000e+00
1.500000e-03 9.000000e-04 0.000000e+00 0.000000e+00
1.500000e-03 1.000000e-03 0.000000e+00 0.000000e+00
1.500000e-03 1.100000e-03 0.000000e+00 0.000000e+00
1.500000e-03 1.200000e-03 0.000000e+00 0.000000e+00
1.500000e-03 1.300000e-03 0.000000e+00 0.000000e+00
1.500000e-03 1.400000e-03 0.000000e+00 0.000000e+00
1.500000e-03 1.500000e-03 0.000000e+00 0.000000e+00
1.500000e-03 1.600000e-03 0.000000e+00 0.000000e+00
1.500000e-03 1.700000e-03 0.000000e+00 0.000000e+00
1.500000e-03 1.800000e-03 0.000000e+00 0.000000e+00
1.500000e-03 1.900000e-03 0.000000e+00 0.000000e+00
1.500000e-03 2.000000e-03 0.000000e+00 0.000000e+00
1.500000e-03 2.100000e-03 0.000000e+00 0.000000e+00
1.600000e-03 -2.000000e-03 0.000000e+00 0.000000e+00
1.600000e-03 -1.900000e-03 0.000000e+00 0.000000e+00
1.600000e-03 -1.800000e-03 0.000000e+00 0.000000e+00
1.600000e-03 -1.700000e-03 0.000000e+00 0.000000e+00
1.600000e-03 -1.600000e-03 5.109598e-08 5.066001e-08
1.600000e-03 -1.500000e-03 2.664405e-04 2.641178e-04
1.600000e-03 -1.400000e-03 3.002569e-04 2.985507e-04
1.600000e-03 -1.300000e-03 3.156997e-04 3.148226e-04
1.600000e-03 -1.200000e-03 3.228951e-04 3.229251e-04
1.600000e-03 -1.100000e-03 3.253614e-04 3.263434e-04
1.600000e-03 -1.000000e-03 3.247334e-04 3.267081e-04
1.600000e-03 -9.000000e-04 3.218811e-04 3.248982e-04
1.600000e-03 -8.000000e-04 3.172974e-04 3.214242e-04
1.600000e-03 -7.000000e-04 3.112606e-04 3.165901e-04
1.600000e-03 -6.000000e-04 3.039087e-04 3.105701e-04
1.600000e-03 -5.000000e-04 2.952717e-04 3.034467e-04
1.600000e-03 -4.000000e-04 2.852783e-04 2.952265e-04
1.600000e-03 -3.000000e-04 2.737368e-04 2.858412e-04
1.600000e-03 -2.000000e-04 2.602795e-04 2.751332e-04
1.600000e-03 -1.000000e-04 2.442249e-04 2.628155e-04
1.600000e-03 5.421011e-20 2.242104e-04 2.483838e-04
1.600000e-03 1.000000e-04 1.969219e-04 2.308989e-04
1.600000e-03 2.000000e-04 1.489289e-04 2.083512e-04
1.600000e-03 3.000000e-04 0.000000e+00 1.749133e-04
1.600000e-03 4.000000e-04 0.000000e+00 0.000000e+00
1.600000e-03 5.000000e-04 0.000000e+00 0.000000e+00
1.600000e-03 6.000000e-04 0.000000e+00 0.000000e+00
1.600000e-03 7.000000e-04 0.000000e+00 0.000000e+00
1.600000e-03 8.000000e-04 0.000000e+00 0.000000e+00
1.600000e-03 9.000000e-04 0.000000e+00 0.000000e+00
1.600000e-03 1.000000e-03 0.000000e+00 0.000000e+00
1.600000e-03 1.100000e-03 0.000000e+00 0.000000e+00
1.600000e-03 1.200000e-03 0.000000e+00 0.000000e+00
1.600000e-03 1.300000e-03 0.000000e+00 0.000000e+00
1.600000e-03 1.400000e-03 0.000000e+00 0.000000e+00
1.600000e-03 1.500000e-03 0.000000e+00 0.000000e+00
1.600000e-03 1.600000e-03 0.000000e+00 0.000000e+00
1.600000e-03 1.700000e-03 0.000000e+00 0.000000e+00
1.600000e-03 1.800000e-03 0.000000e+00 0.000000e+00
1.600000e-03 1.900000e-03 0.000000e+00 0.000000e+00
1.600000e-03 2.000000e-03 0.000000e+00 0.000000e+00
1.600000e-03 2.100000e-03 0.000000e+00 0.000000e+00
1.700000e-03 -2.000000e-03 0.000000e+00 0.000000e+00
1.700000e-03 -1.900000e-03 0.000000e+00 0.000000e+00
1.700000e-03 -1.800000e-03 0.000000e+00 0.000000e+00
1.700000e-03 -1.700000e-03 5.229252e-08 5.002680e-08
1.700000e-03 -1.600000e-03 2.664405e-04 2.641178e-04
1.700000e-03 -1.500000e-03 3.002569e-04 2.985507e-04
1.700000e-03 -1.400000e-03 3.156997e-04 3.148226e-04
1.700000e-03 -1.300000e-03 3.228951e-04 3.229251e-04
1.700000e-03 -1.200000e-03 3.253614e-04 3.263434e-04
1.700000e-03 -1.100000e-03 3.247334e-04 3.267081e-04
1.700000e-03 -1.000000e-03 3.218811e-04 3.248982e-04
1.700000e-03 -9.000000e-04 3.172974e-04 3.214242e-04
1.700000e-03 -8.000000e-04 3.112606e-04 3.165901e-04
1.700000e-03 -7.000000e-04 3.039087e-04 3.105701e-04
1.700000e-03 -6.000000e-04 2.952717e-04 3.034467e-04
1.700000e-03 -5.000000e-04 2.852783e-04 2.952265e-04
1.700000e-03 -4.000000e-04 2.737368e-04 2.858412e-04
1.700000e-03 -3.000000e-04 2.602795e-04 2.751332e-04
1.700000e-03 -2.000000e-04 2.442249e-04 2.628155e-04
1.700000e-03 -1.000000e-04 2.242104e-04 2.483838e-04
1.700000e-03 5.421011e-20 1.969219e-04 2.308989e-04
1.700000e-03 1.000000e-04 1.489289e-04 2.083512e-04
1.700000e-03 2.000000e-04 0.000000e+00 1.749133e-04
1.700000e-03 3.000000e-04 0.000000e+00 0.000000e+00
1.700000e-03 4.000000e-04 0.000000e+00 0.000000e+00
1.700000e-03 5.000000e-04 0.000000e+00 0.000000e+00
1.700000e-03 6.000000e-04 0.000000e+00 0.000000e+00
1.700000e-03 7.000000e-04 0.000000e+00 0.000000e+00
1.700000e-03 8.000000e-04 0.000000e+00 0.000000e+00
1.700000e-03 9.000000e-04 0.000000e+00 0.000000e+00
1.700000e-03 1.000000e-03 0.000000e+00 0.000000e+00
1.700000e-03 1.100000e-03 0.000000e+00 0.000000e+00
1.700000e-03 1.200000e-03 0.000000e+00 0.000000e+00
1.700000e-03 1.300000e-03 0.000000e+00 0.000000e+00
1.700000e-03 1.400000e-03 0.000000e+00 0.000000e+00
1.700000e-03 1.500000e-03 0.000000e+00 0.000000e+00
1.700000e-03 1.600000e-03 0.000000e+00 0.000000e+00
1.700000e-03 1.700000e-03 0.000000e+00 0.000000e+00
1.700000e-03 1.800000e-03 0.000000e+00 0.000000e+00
1.700000e-03 1.900000e-03 0.000000e+00 0.000000e+00
1.700000e-03 2.000000e-03 0.000000e+00 0.000000e+00
1.700000e-03 2.100000e-03 0.000000e+00 0.000000e+00
1.800000e-03 -2.000000e-03 0.000000e+00 0.000000e+00
1.800000e-03 -1.900000e-03 0.000000e+00 0.000000e+00
1.800000e-03 -1.800000e-03 5.226961e-08 5.066001e-08
1.800000e-03 -1.700000e-03 2.664405e-04 2.641178e-04
1.800000e-03 -1.600000e-03 3.002569e-04 2.985507e-04
1.800000e-03 -1.500000e-03 3.156997e-04 3.148226e-04
1.800000e-03 -1.400000e-03 3.228951e-04 3.229251e-04
1.800000e-03 -1.300000e-03 3.253614e-04 3.263434e-04
1.800000e-03 -1.200000e-03 3.247334e-04 3.267081e-04
1.800000e-03 -1.100000e-03 3.218811e-04 3.248982e-04
1.800000e-03 -1.000000e-03 3.172974e-04 3.214242e-04
1.800000e-03 -9.000000e-04 3.112606e-04 3.165901e-04
1.800000e-03 -8.000000e-04 3.039087e-04 3.105701e-04
1.800000e-03 -7.000000e-04 2.952717e-04 3.034467e-04
1.800000e-03 -6.000000e-04 2.852783e-04 2.952265e-04
1.800000e-03 -5.000000e-04 2.737368e-04 2.858412e-04
1.800000e-03 -4.000000e-04 2.602795e-04 2.751332e-04
1.800000e-03 -3.000000e-04 2.442249e-04 2.628155e-04
1.800000e-03 -2.000000e-04 2.242104e-04 2.483838e-04
1.800000e-03 -1.000000e-04 1.969219e-04 2.308989e-04
1.800000e-03 5.421011e-20 1.489289e-04 2.083512e-04
1.800000e-03 1.000000e-04 0.000000e+00 1.749133e-04
1.800000e-03 2.000000e-04 0.000000e+00 0.000000e+00
1.800000e-03 3.000000e-04 0.000000e+00 0.000000e+00
1.800000e-03 4.000000e-04 0.000000e+00 0.000000e+00
1.800000e-03 5.000000e-04 0.000000e+00 0.000000e+00
1.800000e-03 6.000000e-04 0.000000e+00 0.000000e+00
1.800000e-03 7.000000e-04 0.000000e+00 0.000000e+00
1.800000e-03 8.000000e-04 0.000000e+00 0.000000e+00
1.800000e-03 9.000000e-04 0.000000e+00 0.000000e+00
1.800000e-03 1.000000e-03 0.000000e+00 0.000000e+00
1.800000e-03 1.100000e-03 0.000000e+00 0.000000e+00
1.800000e-03 1.200000e-03 0.000000e+00 0.000000e+00
1.800000e-03 1.300000e-03 0.000000e+00 0.000000e+00
1.800000e-03 1.400000e-03 0.000000e+00 0.000000e+00
1.800000e-03 1.500000e-03 0.000000e+00 0.000000e+00
1.800000e-03 1.600000e-03 0.000000e+00 0.000000e+00
1.800000e-03 1.700000e-03 0.000000e+00 0.000000e+00
1.800000e-03 1.800000e-03 0.000000e+00 0.000000e+00
1.800000e-03 1.900000e-03 0.000000e+00 0.000000e+00
1.800000e-03 2.000000e-03 0.000000e+00 0.000000e+00
1.800000e-03 2.100000e-03 0.000000e+00 0.000000e+00
1.900000e-03 -2.000000e-03 0.000000e+00 0.000000e+00
1.900000e-03 -1.900000e-03 5.281908e-08 5.066001e-08
1.900000e-03 -1.800000e-03 2.664405e-04 2.641178e-04
1.900000e-03 -1.700000e-03 3.002569e-04 2.985507e-04
1.900000e-03 -1.600000e-03 3.156997e-04 3.148226e-04
1.900000e-03 -1.500000e-03 3.228951e-04 3.229251e-04
1.900000e-03 -1.400000e-03 3.253614e-04 3.263434e-04
1.900000e-03 -1.300000e-03 3.247334e-04 3.267081e-04
1.900000e-03 -1.200000e-03 3.218811e-04 3.248982e-04
1.900000e-03 -1.100000e-03 3.172974e-04 3.214242e-04
1.900000e-03 -1.000000e-03 3.112606e-04 3.165901e-04
1.900000e-03 -9.000000e-04 3.039087e-04 3.105701e-04
1.900000e-03 -8.000000e-04 2.952717e-04 3.034467e-04
1.900000e-03 -7.000000e-04 2.852783e-04 2.952265e-04
1.900000e-03 -6.000000e-04 2.737368e-04 2.858412e-04
1.900000e-03 -5.000000e-04 2.602795e-04 2.751332e-04
1.900000e-03 -4.000000e-04 2.442249e-04 2.628155e-04
1.900000e-03 -3.000000e-04 2.242104e-04 2.483838e-04
1.900000e-03 -2.000000e-04 1.969219e-04 2.308989e-04
1.900000e-03 -1.000000e-04 1.489289e-04 2.083512e-04
1.900000e-03 5.421011e-20 0.000000e+00 1.749133e-04
1.900000e-03 1.000000e-04 0.000000e+00 0.000000e+00
1.900000e-03 2.000000e-04 0.000000e+00 0.000000e+00
1.900000e-03 3.000000e-04 0.000000e+00 0.000000e+00
1.900000e-03 4.000000e-04 0.000000e+00 0.000000e+00
1.900000e-03 5.000000e-04 0.000000e+00 0.000000e+00
1.900000e-03 6.000000e-04 0.000000e+00 0.000000e+00
1.900000e-03 7.000000e-04 0.000000e+00 0.000000e+00
1.900000e-03 8.000000e-04 0.000000e+00 0.000000e+00
1.900000e-03 9.000000e-04 0.000000e+00 0.000000e+00
1.900000e-03 1.000000e-03 0.000000e+00 0.000000e+00
1.900000e-03 1.100000e-03 0.000000e+00 0.000000e+00
1.900000e-03 1.200000e-03 0.000000e+00 0.000000e+00
1.900000e-03 1.300000e-03 0.000000e+00 0.000000e+00
1.900000e-03 1.400000e-03 0.000000e+00 0.000000e+00
1.900000e-03 1.500000e-03 0.000000e+00 0.000000e+00
1.900000e-03 1.600000e-03 0.000000e+00 0.000000e+00
1.900000e-03 1.700000e-03 0.000000e+00 0.000000e+00
1.900000e-03 1.800000e-03 0.000000e+00 0.000000e+00
1.900000e-03 1.900000e-03 0.000000e+00 0.000000e+00
1.900000e-03 2.000000e-03 0.000000e+00 0.000000e+00
1.900000e-03 2.100000e-03 0.000000e+00 0.000000e+00
2.000000e-03 -2.000000e-03 5.180482e-08 5.066001e-08
2.000000e-03 -1.900000e-03 2.664405e-04 2.641178e-04
2.000000e-03 -1.800000e-03 3.002569e-04 2.985507e-04
2.000000e-03 -1.700000e-03 3.156997e-04 3.148226e-04
2.000000e-03 -1.600000e-03 3.228951e-04 3.229251e-04
2.000000e-03 -1.500000e-03 3.253614e-04 3.263434e-04
2.000000e-03 -1.400000e-03 3.247334e-04 3.267081e-04
2.000000e-03 -1.300000e-03 3.218811e-04 3.248982e-04
2.000000e-03 -1.200000e-03 3.172974e-04 3.214242e-04
2.000000e-03 -1.100000e-03 3.112606e-04 3.165901e-04
2.000000e-03 -1.000000e-03 3.039087e-04 3.105701e-04
2.000000e-03 -9.000000e-04 2.952717e-04 3.034467e-04
2.000000e-03 -8.000000e-04 2.852783e-04 2.952265e-04
2.000000e-03 -7.000000e-04 2.737368e-04 2.858412e-04
2.000000e-03 -6.000000e-04 2.602795e-04 2.751332e-04
2.000000e-03 -5.000000e-04 2.442249e-04 2.628155e-04
2.000000e-03 -4.000000e-04 2.242104e-04 2.483838e-04
2.000000e-03 -3.000000e-04 1.969219e-04 2.308989e-04
2.000000e-03 -2.000000e-04 1.489289e-04 2.083512e-04
2.000000e-03 -1.000000e-04 0.000000e+00 1.749133e-04
2.000000e-03 5.421011e-20 0.000000e+00 0.000000e+00
2.000000e-03 1.000000e-04 0.000000e+00 0.000000e+00
2.000000e-03 2.000000e-04 0.000000e+00 0.000000e+00
2.000000e-03 3.000000e-04 0.000000e+00 0.000000e+00
2.000000e-03 4.000000e-04 0.000000e+00 0.000000e+00
2.000000e-03 5.000000e-04 0.000000e+00 0.000000e+00
2.000000e-03 6.000000e-04 0.000000e+00 0.000000e+00
2.000000e-03 7.000000e-04 0.000000e+00 0.000000e+00
2.000000e-03 8.000000e-04 0.000000e+00 0.000000e+00
2.000000e-03 9.000000e-04 0.000000e+00 0.000000e+00
2.000000e-03 1.000000e-03 0.000000e+00 0.000000e+00
2.000000e-03 1.100000e-03 0.000000e+00 0.000000e+00
2.000000e-03 1.200000e-03 0.000000e+00 0.000000e+00
2.000000e-03 1.300000e-03 0.000000e+00 0.000000e+00
2.000000e-03 1.400000e-03 0.000000e+00 0.000000e+00
2.000000e-03 1.500000e-03 0.000000e+00 0.000000e+00
2.000000e-03 1.600000e-03 0.000000e+00 0.000000e+00
2.000000e-03 1.700000e-03 0.000000e+00 0.000000e+00
2.000000e-03 1.800000e-03 0.000000e+00 0.000000e+00
2.000000e-03 1.900000e-03 0.000000e+00 0.000000e+00
2.000000e-03 2.000000e-03 0.000000e+00 0.000000e+00
2.000000e-03 2.100000e-03 0.000000e+00 0.000000e+00
2.100000e-03 -2.000000e-03 2.664405e-04 2.641178e-04
2.100000e-03 -1.900000e-03 3.002569e-04 2.985507e-04
2.100000e-03 -1.800000e-03 3.156997e-04 3.148226e-04
2.100000e-03 -1.700000e-03 3.228951e-04 3.229251e-04
2.100000e-03 -1.600000e-03 3.253614e-04 3.263434e-04
2.100000e-03 -1.500000e-03 3.247334e-04 3.267081e-04
2.100000e-03 -1.400000e-03 3.218811e-04 3.248982e-04
2.100000e-03 -1.300000e-03 3.172974e-04 3.214242e-04
2.100000e-03 -1.200000e-03 3.112606e-04 3.165901e-04
2.100000e-03 -1.100000e-03 3.039087e-04 3.105701e-04
2.100000e-03 -1.000000e-03 2.952717e-04 3.034467e-04
2.100000e-03 -9.000000e-04 2.852783e-04 2.952265e-04
2.100000e-03 -8.000000e-04 2.737368e-04 2.858412e-04
2.100000e-03 -7.000000e-04 2.602795e-04 2.751332e-04
2.100000e-03 -6.000000e-04 2.442249e-04 2.628155e-04
2.100000e-03 -5.000000e-04 2.242104e-04 2.483838e-04
2.100000e-03 -4.000000e-04 1.969219e-04 2.308989e-04
2.100000e-03 -3.000000e-04 1.489289e-04 2.083512e-04
2.100000e-03 -2.000000e-04 0.000000e+00 1.749133e-04
2.100000e-03 -1.000000e-04 0.000000e+00 0.000000e+00
2.100000e-03 5.421011e-20 0.000000e+00 0.000000e+00
2.100000e-03 1.000000e-04 0.000000e+00 0.000000e+00
2.100000e-03 2.000000e-04 0.000000e+00 0.000000e+00
2.100000e-03 3.000000e-04 0.000000e+00 0.000000e+00
2.100000e-03 4.000000e-04 0.000000e+00 0.000000e+00
2.100000e-03 5.000000e-04 0.000000e+00 0.000000e+00
2.100000e-03 6.000000e-04 0.000000e+00 0.000000e+00
2.100000e-03 7.000000e-04 0.000000e+00 0.000000e+00
2.100000e-03 8.000000e-04 0.000000e+00 0.000000e+00
2.100000e-03 9.000000e-04 0.000000e+00 0.000000e+00
2.100000e-03 1.000000e-03 0.000000e+00 0.000000e+00
2.100000e-03 1.100000e-03 0.000000e+00 0.000000e+00
2.100000e-03 1.200000e-03 0.000000e+00 0.000000e+00
2.100000e-03 1.300000e-03 0.000000e+00 0.000000e+00
2.100000e-03 1.400000e-03 0.000000e+00 0.000000e+00
2.100000e-03 1.500000e-03 0.000000e+00 0.000000e+00
2.100000e-03 1.600000e-03 0.000000e+00 0.000000e+00
2.100000e-03 1.700000e-03 0.000000e+00 0.000000e+00
2.100000e-03 1.800000e-03 0.000000e+00 0.000000e+00
2.100000e-03 1.900000e-03 0.000000e+00 0.000000e+00
2.100000e-03 2.000000e-03 0.000000e+00 0.000000e+00
2.100000e-03 2.100000e-03 0.000000e+00 0.000000e+00
