#Datos a graficar con Gnuplot, e1, e2, tan, sag
-2.000000e-03 -2.000000e-03 0.000000e+00 0.000000e+00
-2.000000e-03 -1.900000e-03 0.000000e+00 0.000000e+00
-2.000000e-03 -1.800000e-03 0.000000e+00 0.000000e+00
-2.000000e-03 -1.700000e-03 0.000000e+00 0.000000e+00
-2.000000e-03 -1.600000e-03 0.000000e+00 0.000000e+00
-2.000000e-03 -1.500000e-03 0.000000e+00 0.000000e+00
-2.000000e-03 -1.400000e-03 0.000000e+00 0.000000e+00
-2.000000e-03 -1.300000e-03 0.000000e+00 0.000000e+00
-2.000000e-03 -1.200000e-03 0.000000e+00 0.000000e+00
-2.000000e-03 -1.100000e-03 0.000000e+00 0.000000e+00
-2.000000e-03 -1.000000e-03 0.000000e+00 0.000000e+00
-2.000000e-03 -9.000000e-04 0.000000e+00 0.000000e+00
-2.000000e-03 -8.000000e-04 0.000000e+00 0.000000e+00
-2.000000e-03 -7.000000e-04 0.000000e+00 1.942279e-03
-2.000000e-03 -6.000000e-04 0.000000e+00 1.307801e-03
-2.000000e-03 -5.000000e-04 1.730768e-03 1.120540e-03
-2.000000e-03 -4.000000e-04 1.250046e-03 1.012736e-03
-2.000000e-03 -3.000000e-04 1.080751e-03 9.374850e-04
-2.000000e-03 -2.000000e-04 9.796080e-04 8.795525e-04
-2.000000e-03 -1.000000e-04 9.076433e-04 8.321486e-04
-2.000000e-03 5.421011e-20 8.514900e-04 7.916647e-04
-2.000000e-03 1.000000e-04 8.050146e-04 7.559393e-04
-2.000000e-03 2.000000e-04 7.648837e-04 7.235511e-04
-2.000000e-03 3.000000e-04 7.290540e-04 6.934822e-04
-2.000000e-03 4.000000e-04 6.961383e-04 6.649354e-04
-2.000000e-03 5.000000e-04 6.650926e-04 6.372188e-04
-2.000000e-03 6.000000e-04 6.350326e-04 6.096540e-04
-2.000000e-03 7.000000e-04 6.050961e-04 5.814781e-04
-2.000000e-03 8.000000e-04 5.742956e-04 5.517004e-04
-2.000000e-03 9.000000e-04 5.412910e-04 5.188288e-04
-2.000000e-03 1.000000e-03 5.039152e-04 4.802220e-04
-2.000000e-03 1.100000e-03 4.578712e-04 4.300746e-04
-2.000000e-03 1.200000e-03 3.914862e-04 3.491357e-04
-2.000000e-03 1.300000e-03 2.154123e-04 0.000000e+00
-2.000000e-03 1.400000e-03 0.000000e+00 0.000000e+00
-2.000000e-03 1.500000e-03 0.000000e+00 0.000000e+00
-2.000000e-03 1.600000e-03 0.000000e+00 0.000000e+00
-2.000000e-03 1.700000e-03 0.000000e+00 0.000000e+00
-2.000000e-03 1.800000e-03 0.000000e+00 0.000000e+00
-2.000000e-03 1.900000e-03 0.000000e+00 0.000000e+00
-2.000000e-03 2.000000e-03 0.000000e+00 0.000000e+00
-2.000000e-03 2.100000e-03 8.761484e-04 8.886217e-04
-1.900000e-03 -2.000000e-03 0.000000e+00 0.000000e+00
-1.900000e-03 -1.900000e-03 0.000000e+00 0.000000e+00
-1.900000e-03 -1.800000e-03 0.000000e+00 0.000000e+00
-1.900000e-03 -1.700000e-03 0.000000e+00 0.000000e+00
-1.900000e-03 -1.600000e-03 0.000000e+00 0.000000e+00
-1.900000e-03 -1.500000e-03 0.000000e+00 0.000000e+00
-1.900000e-03 -1.400000e-03 0.000000e+00 0.000000e+00
-1.900000e-03 -1.300000e-03 0.000000e+00 0.000000e+00
-1.900000e-03 -1.200000e-03 0.000000e+00 0.000000e+00
-1.900000e-03 -1.100000e-03 0.000000e+00 0.000000e+00
-1.900000e-03 -1.000000e-03 0.000000e+00 0.000000e+00
-1.900000e-03 -9.000000e-04 0.000000e+00 0.000000e+00
-1.900000e-03 -8.000000e-04 0.000000e+00 1.942279e-03
-1.900000e-03 -7.000000e-04 0.000000e+00 1.307801e-03
-1.900000e-03 -6.000000e-04 1.730768e-03 1.120540e-03
-1.900000e-03 -5.000000e-04 1.250046e-03 1.012736e-03
-1.900000e-03 -4.000000e-04 1.080751e-03 9.374850e-04
-1.900000e-03 -3.000000e-04 9.796080e-04 8.795525e-04
-1.900000e-03 -2.000000e-04 9.076433e-04 8.321486e-04
-1.900000e-03 -1.000000e-04 8.514900e-04 7.916647e-04
-1.900000e-03 5.421011e-20 8.050146e-04 7.559393e-04
-1.900000e-03 1.000000e-04 7.648837e-04 7.235511e-04
-1.900000e-03 2.000000e-04 7.290540e-04 6.934822e-04
-1.900000e-03 3.000000e-04 6.961383e-04 6.649354e-04
-1.900000e-03 4.000000e-04 6.650926e-04 6.372188e-04
-1.900000e-03 5.000000e-04 6.350326e-04 6.096540e-04
-1.900000e-03 6.000000e-04 6.050961e-04 5.814781e-04
-1.900000e-03 7.000000e-04 5.742956e-04 5.517004e-04
-1.900000e-03 8.000000e-04 5.412910e-04 5.188288e-04
-1.900000e-03 9.000000e-04 5.039152e-04 4.802220e-04
-1.900000e-03 1.000000e-03 4.578712e-04 4.300746e-04
-1.900000e-03 1.100000e-03 3.914862e-04 3.491357e-04
-1.900000e-03 1.200000e-03 2.154123e-04 0.000000e+00
-1.900000e-03 1.300000e-03 0.000000e+00 0.000000e+00
-1.900000e-03 1.400000e-03 0.000000e+00 0.000000e+00
-1.900000e-03 1.500000e-03 0.000000e+00 0.000000e+00
-1.900000e-03 1.600000e-03 0.000000e+00 0.000000e+00
-1.900000e-03 1.700000e-03 0.000000e+00 0.000000e+00
-1.900000e-03 1.800000e-03 0.000000e+00 0.000000e+00
-1.900000e-03 1.900000e-03 0.000000e+00 0.000000e+00
-1.900000e-03 2.000000e-03 8.761484e-04 8.886217e-04
-1.900000e-03 2.100000e-03 7.410143e-04 7.519822e-04
-1.800000e-03 -2.000000e-03 0.000000e+00 0.000000e+00
-1.800000e-03 -1.900000e-03 0.000000e+00 0.000000e+00
-1.800000e-03 -1.800000e-03 0.000000e+00 0.000000e+00
-1.800000e-03 -1.700000e-03 0.000000e+00 0.000000e+00
-1.800000e-03 -1.600000e-03 0.000000e+00 0.000000e+00
-1.800000e-03 -1.500000e-03 0.000000e+00 0.000000e+00
-1.800000e-03 -1.400000e-03 0.000000e+00 0.000000e+00
-1.800000e-03 -1.300000e-03 0.000000e+00 0.000000e+00
-1.800000e-03 -1.200000e-03 0.000000e+00 0.000000e+00
-1.800000e-03 -1.100000e-03 0.000000e+00 0.000000e+00
-1.800000e-03 -1.000000e-03 0.000000e+00 0.000000e+00
-1.800000e-03 -9.000000e-04 0.000000e+00 1.942279e-03
-1.800000e-03 -8.000000e-04 0.000000e+00 1.307801e-03
-1.800000e-03 -7.000000e-04 1.730768e-03 1.120540e-03
-1.800000e-03 -6.000000e-04 1.250046e-03 1.012736e-03
-1.800000e-03 -5.000000e-04 1.080751e-03 9.374850e-04
-1.800000e-03 -4.000000e-04 9.796080e-04 8.795525e-04
-1.800000e-03 -3.000000e-04 9.076433e-04 8.321486e-04
-1.800000e-03 -2.000000e-04 8.514900e-04 7.916647e-04
-1.800000e-03 -1.000000e-04 8.050146e-04 7.559393e-04
-1.800000e-03 5.421011e-20 7.648837e-04 7.235511e-04
-1.800000e-03 1.000000e-04 7.290540e-04 6.934822e-04
-1.800000e-03 2.000000e-04 6.961383e-04 6.649354e-04
-1.800000e-03 3.000000e-04 6.650926e-04 6.372188e-04
-1.800000e-03 4.000000e-04 6.350326e-04 6.096540e-04
-1.800000e-03 5.000000e-04 6.050961e-04 5.814781e-04
-1.800000e-03 6.000000e-04 5.742956e-04 5.517004e-04
-1.800000e-03 7.000000e-04 5.412910e-04 5.188288e-04
-1.800000e-03 8.000000e-04 5.039152e-04 4.802220e-04
-1.800000e-03 9.000000e-04 4.578712e-04 4.300746e-04
-1.800000e-03 1.000000e-03 3.914862e-04 3.491357e-04
-1.800000e-03 1.100000e-03 2.154123e-04 0.000000e+00
-1.800000e-03 1.200000e-03 0.000000e+00 0.000000e+00
-1.800000e-03 1.300000e-03 0.000000e+00 0.000000e+00
-1.800000e-03 1.400000e-03 0.000000e+00 0.000000e+00
-1.800000e-03 1.500000e-03 0.000000e+00 0.000000e+00
-1.800000e-03 1.600000e-03 0.000000e+00 0.000000e+00
-1.800000e-03 1.700000e-03 0.000000e+00 0.000000e+00
-1.800000e-03 1.800000e-03 0.000000e+00 0.000000e+00
-1.800000e-03 1.900000e-03 8.761484e-04 8.886217e-04
-1.800000e-03 2.000000e-03 7.410143e-04 7.519822e-04
-1.800000e-03 2.100000e-03 6.709290e-04 6.814804e-04
-1.700000e-03 -2.000000e-03 0.000000e+00 0.000000e+00
-1.700000e-03 -1.900000e-03 0.000000e+00 0.000000e+00
-1.700000e-03 -1.800000e-03 0.000000e+00 0.000000e+00
-1.700000e-03 -1.700000e-03 0.000000e+00 0.000000e+00
-1.700000e-03 -1.600000e-03 0.000000e+00 0.000000e+00
-1.700000e-03 -1.500000e-03 0.000000e+00 0.000000e+00
-1.700000e-03 -1.400000e-03 0.000000e+00 0.000000e+00
-1.700000e-03 -1.300000e-03 0.000000e+00 0.000000e+00
-1.700000e-03 -1.200000e-03 0.000000e+00 0.000000e+00
-1.700000e-03 -1.100000e-03 0.000000e+00 0.000000e+00
-1.700000e-03 -1.000000e-03 0.000000e+00 1.942279e-03
-1.700000e-03 -9.000000e-04 0.000000e+00 1.307801e-03
-1.700000e-03 -8.000000e-04 1.730768e-03 1.120540e-03
-1.700000e-03 -7.000000e-04 1.250046e-03 1.012736e-03
-1.700000e-03 -6.000000e-04 1.080751e-03 9.374850e-04
-1.700000e-03 -5.000000e-04 9.796080e-04 8.795525e-04
-1.700000e-03 -4.000000e-04 9.076433e-04 8.321486e-04
-1.700000e-03 -3.000000e-04 8.514900e-04 7.916647e-04
-1.700000e-03 -2.000000e-04 8.050146e-04 7.559393e-04
-1.700000e-03 -1.000000e-04 7.648837e-04 7.235511e-04
-1.700000e-03 5.421011e-20 7.290540e-04 6.934822e-04
-1.700000e-03 1.000000e-04 6.961383e-04 6.649354e-04
-1.700000e-03 2.000000e-04 6.650926e-04 6.372188e-04
-1.700000e-03 3.000000e-04 6.350326e-04 6.096540e-04
-1.700000e-03 4.000000e-04 6.050961e-04 5.814781e-04
-1.700000e-03 5.000000e-04 5.742956e-04 5.517004e-04
-1.700000e-03 6.000000e-04 5.412910e-04 5.188288e-04
-1.700000e-03 7.000000e-04 5.039152e-04 4.802220e-04
-1.700000e-03 8.000000e-04 4.578712e-04 4.300746e-04
-1.700000e-03 9.000000e-04 3.914862e-04 3.491357e-04
-1.700000e-03 1.000000e-03 2.154123e-04 0.000000e+00
-1.700000e-03 1.100000e-03 0.000000e+00 0.000000e+00
-1.700000e-03 1.200000e-03 0.000000e+00 0.000000e+00
-1.700000e-03 1.300000e-03 0.000000e+00 0.000000e+00
-1.700000e-03 1.400000e-03 0.000000e+00 0.000000e+00
-1.700000e-03 1.500000e-03 0.000000e+00 0.000000e+00
-1.700000e-03 1.600000e-03 0.000000e+00 0.000000e+00
-1.700000e-03 1.700000e-03 0.000000e+00 0.000000e+00
-1.700000e-03 1.800000e-03 8.761484e-04 8.886217e-04
-1.700000e-03 1.900000e-03 7.410143e-04 7.519822e-04
-1.700000e-03 2.000000e-03 6.709290e-04 6.814804e-04
-1.700000e-03 2.100000e-03 6.235673e-04 6.341549e-04
-1.600000e-03 -2.000000e-03 0.000000e+00 0.000000e+00
-1.600000e-03 -1.900000e-03 0.000000e+00 0.000000e+00
-1.600000e-03 -1.800000e-03 0.000000e+00 0.000000e+00
-1.600000e-03 -1.700000e-03 0.000000e+00 0.000000e+00
-1.600000e-03 -1.600000e-03 0.000000e+00 0.000000e+00
-1.600000e-03 -1.500000e-03 0.000000e+00 0.000000e+00
-1.600000e-03 -1.400000e-03 0.000000e+00 0.000000e+00
-1.600000e-03 -1.300000e-03 0.000000e+00 0.000000e+00
-1.600000e-03 -1.200000e-03 0.000000e+00 0.000000e+00
-1.600000e-03 -1.100000e-03 0.000000e+00 1.942279e-03
-1.600000e-03 -1.000000e-03 0.000000e+00 1.307801e-03
-1.600000e-03 -9.000000e-04 1.730768e-03 1.120540e-03
-1.600000e-03 -8.000000e-04 1.250046e-03 1.012736e-03
-1.600000e-03 -7.000000e-04 1.080751e-03 9.374850e-04
-1.600000e-03 -6.000000e-04 9.796080e-04 8.795525e-04
-1.600000e-03 -5.000000e-04 9.076433e-04 8.321486e-04
-1.600000e-03 -4.000000e-04 8.514900e-04 7.916647e-04
-1.600000e-03 -3.000000e-04 8.050146e-04 7.559393e-04
-1.600000e-03 -2.000000e-04 7.648837e-04 7.235511e-04
-1.600000e-03 -1.000000e-04 7.290540e-04 6.934822e-04
-1.600000e-03 5.421011e-20 6.961383e-04 6.649354e-04
-1.600000e-03 1.000000e-04 6.650926e-04 6.372188e-04
-1.600000e-03 2.000000e-04 6.350326e-04 6.096540e-04
-1.600000e-03 3.000000e-04 6.050961e-04 5.814781e-04
-1.600000e-03 4.000000e-04 5.742956e-04 5.517004e-04
-1.600000e-03 5.000000e-04 5.412910e-04 5.188288e-04
-1.600000e-03 6.000000e-04 5.039152e-04 4.802220e-04
-1.600000e-03 7.000000e-04 4.578712e-04 4.300746e-04
-1.600000e-03 8.000000e-04 3.914862e-04 3.491357e-04
-1.600000e-03 9.000000e-04 2.154123e-04 0.000000e+00
-1.600000e-03 1.000000e-03 0.000000e+00 0.000000e+00
-1.600000e-03 1.100000e-03 0.000000e+00 0.000000e+00
-1.600000e-03 1.200000e-03 0.000000e+00 0.000000e+00
-1.600000e-03 1.300000e-03 0.000000e+00 0.000000e+00
-1.600000e-03 1.400000e-03 0.000000e+00 0.000000e+00
-1.600000e-03 1.500000e-03 0.000000e+00 0.000000e+00
-1.600000e-03 1.600000e-03 0.000000e+00 0.000000e+00
-1.600000e-03 1.700000e-03 8.761484e-04 8.886217e-04
-1.600000e-03 1.800000e-03 7.410143e-04 7.519822e-04
-1.600000e-03 1.900000e-03 6.709290e-04 6.814804e-04
-1.600000e-03 2.000000e-03 6.235673e-04 6.341549e-04
-1.600000e-03 2.100000e-03 5.872021e-04 5.980983e-04
-1.500000e-03 -2.000000e-03 0.000000e+00 0.000000e+00
-1.500000e-03 -1.900000e-03 0.000000e+00 0.000000e+00
-1.500000e-03 -1.800000e-03 0.000000e+00 0.000000e+00
-1.500000e-03 -1.700000e-03 0.000000e+00 0.000000e+00
-1.500000e-03 -1.600000e-03 0.000000e+00 0.000000e+00
-1.500000e-03 -1.500000e-03 0.000000e+00 0.000000e+00
-1.500000e-03 -1.400000e-03 0.000000e+00 0.000000e+00
-1.500000e-03 -1.300000e-03 0.000000e+00 0.000000e+00
-1.500000e-03 -1.200000e-03 0.000000e+00 1.942279e-03
-1.500000e-03 -1.100000e-03 0.000000e+00 1.307801e-03
-1.500000e-03 -1.000000e-03 1.730768e-03 1.120540e-03
-1.500000e-03 -9.000000e-04 1.250046e-03 1.012736e-03
-1.500000e-03 -8.000000e-04 1.080751e-03 9.374850e-04
-1.500000e-03 -7.000000e-04 9.796080e-04 8.795525e-04
-1.500000e-03 -6.000000e-04 9.076433e-04 8.321486e-04
-1.500000e-03 -5.000000e-04 8.514900e-04 7.916647e-04
-1.500000e-03 -4.000000e-04 8.050146e-04 7.559393e-04
-1.500000e-03 -3.000000e-04 7.648837e-04 7.235511e-04
-1.500000e-03 -2.000000e-04 7.290540e-04 6.934822e-04
-1.500000e-03 -1.000000e-04 6.961383e-04 6.649354e-04
-1.500000e-03 5.421011e-20 6.650926e-04 6.372188e-04
-1.500000e-03 1.000000e-04 6.350326e-04 6.096540e-04
-1.500000e-03 2.000000e-04 6.050961e-04 5.814781e-04
-1.500000e-03 3.000000e-04 5.742956e-04 5.517004e-04
-1.500000e-03 4.000000e-04 5.412910e-04 5.188288e-04
-1.500000e-03 5.000000e-04 5.039152e-04 4.802220e-04
-1.500000e-03 6.000000e-04 4.578712e-04 4.300746e-04
-1.500000e-03 7.000000e-04 3.914862e-04 3.491357e-04
-1.500000e-03 8.000000e-04 2.154123e-04 0.000000e+00
-1.500000e-03 9.000000e-04 0.000000e+00 0.000000e+00
-1.500000e-03 1.000000e-03 0.000000e+00 0.000000e+00
-1.500000e-03 1.100000e-03 0.000000e+00 0.000000e+00
-1.500000e-03 1.200000e-03 0.000000e+00 0.000000e+00
-1.500000e-03 1.300000e-03 0.000000e+00 0.000000e+00
-1.500000e-03 1.400000e-03 0.000000e+00 0.000000e+00
-1.500000e-03 1.500000e-03 0.000000e+00 0.000000e+00
-1.500000e-03 1.600000e-03 8.761484e-04 8.886217e-04
-1.500000e-03 1.700000e-03 7.410143e-04 7.519822e-04
-1.500000e-03 1.800000e-03 6.709290e-04 6.814804e-04
-1.500000e-03 1.900000e-03 6.235673e-04 6.341549e-04
-1.500000e-03 2.000000e-03 5.872021e-04 5.980983e-04
-1.500000e-03 2.100000e-03 5.570248e-04 5.684329e-04
-1.400000e-03 -2.000000e-03 0.000000e+00 0.000000e+00
-1.400000e-03 -1.900000e-03 0.000000e+00 0.000000e+00
-1.400000e-03 -1.800000e-03 0.000000e+00 0.000000e+00
-1.400000e-03 -1.700000e-03 0.000000e+00 0.000000e+00
-1.400000e-03 -1.600000e-03 0.000000e+00 0.000000e+00
-1.400000e-03 -1.500000e-03 0.000000e+00 0.000000e+00
-1.400000e-03 -1.400000e-03 0.000000e+00 0.000000e+00
-1.400000e-03 -1.300000e-03 0.000000e+00 1.942279e-03
-1.400000e-03 -1.200000e-03 0.000000e+00 1.307801e-03
-1.400000e-03 -1.100000e-03 1.730768e-03 1.120540e-03
-1.400000e-03 -1.000000e-03 1.250046e-03 1.012736e-03
-1.400000e-03 -9.000000e-04 1.080751e-03 9.374850e-04
-1.400000e-03 -8.000000e-04 9.796080e-04 8.795525e-04
-1.400000e-03 -7.000000e-04 9.076433e-04 8.321486e-04
-1.400000e-03 -6.000000e-04 8.514900e-04 7.916647e-04
-1.400000e-03 -5.000000e-04 8.050146e-04 7.559393e-04
-1.400000e-03 -4.000000e-04 7.648837e-04 7.235511e-04
-1.400000e-03 -3.000000e-04 7.290540e-04 6.934822e-04
-1.400000e-03 -2.000000e-04 6.961383e-04 6.649354e-04
-1.400000e-03 -1.000000e-04 6.650926e-04 6.372188e-04
-1.400000e-03 5.421011e-20 6.350326e-04 6.096540e-04
-1.400000e-03 1.000000e-04 6.050961e-04 5.814781e-04
-1.400000e-03 2.000000e-04 5.742956e-04 5.517004e-04
-1.400000e-03 3.000000e-04 5.412910e-04 5.188288e-04
-1.400000e-03 4.000000e-04 5.039152e-04 4.802220e-04
-1.400000e-03 5.000000e-04 4.578712e-04 4.300746e-04
-1.400000e-03 6.000000e-04 3.914862e-04 3.491357e-04
-1.400000e-03 7.000000e-04 2.154123e-04 0.000000e+00
-1.400000e-03 8.000000e-04 0.000000e+00 0.000000e+00
-1.400000e-03 9.000000e-04 0.000000e+00 0.000000e+00
-1.400000e-03 1.000000e-03 0.000000e+00 0.000000e+00
-1.400000e-03 1.100000e-03 0.000000e+00 0.000000e+00
-1.400000e-03 1.200000e-03 0.000000e+00 0.000000e+00
-1.400000e-03 1.300000e-03 0.000000e+00 0.000000e+00
-1.400000e-03 1.400000e-03 0.000000e+00 0.000000e+00
-1.400000e-03 1.500000e-03 8.761484e-04 8.886217e-04
-1.400000e-03 1.600000e-03 7.410143e-04 7.519822e-04
-1.400000e-03 1.700000e-03 6.709290e-04 6.814804e-04
-1.400000e-03 1.800000e-03 6.235673e-04 6.341549e-04
-1.400000e-03 1.900000e-03 5.872021e-04 5.980983e-04
-1.400000e-03 2.000000e-03 5.570248e-04 5.684329e-04
-1.400000e-03 2.100000e-03 5.306133e-04 5.427114e-04
-1.300000e-03 -2.000000e-03 0.000000e+00 0.000000e+00
-1.300000e-03 -1.900000e-03 0.000000e+00 0.000000e+00
-1.300000e-03 -1.800000e-03 0.000000e+00 0.000000e+00
-1.300000e-03 -1.700000e-03 0.000000e+00 0.000000e+00
-1.300000e-03 -1.600000e-03 0.000000e+00 0.000000e+00
-1.300000e-03 -1.500000e-03 0.000000e+00 0.000000e+00
-1.300000e-03 -1.400000e-03 0.000000e+00 1.942279e-03
-1.300000e-03 -1.300000e-03 0.000000e+00 1.307801e-03
-1.300000e-03 -1.200000e-03 1.730768e-03 1.120540e-03
-1.300000e-03 -1.100000e-03 1.250046e-03 1.012736e-03
-1.300000e-03 -1.000000e-03 1.080751e-03 9.374850e-04
-1.300000e-03 -9.000000e-04 9.796080e-04 8.795525e-04
-1.300000e-03 -8.000000e-04 9.076433e-04 8.321486e-04
-1.300000e-03 -7.000000e-04 8.514900e-04 7.916647e-04
-1.300000e-03 -6.000000e-04 8.050146e-04 7.559393e-04
-1.300000e-03 -5.000000e-04 7.648837e-04 7.235511e-04
-1.300000e-03 -4.000000e-04 7.290540e-04 6.934822e-04
-1.300000e-03 -3.000000e-04 6.961383e-04 6.649354e-04
-1.300000e-03 -2.000000e-04 6.650926e-04 6.372188e-04
-1.300000e-03 -1.000000e-04 6.350326e-04 6.096540e-04
-1.300000e-03 5.421011e-20 6.050961e-04 5.814781e-04
-1.300000e-03 1.000000e-04 5.742956e-04 5.517004e-04
-1.300000e-03 2.000000e-04 5.412910e-04 5.188288e-04
-1.300000e-03 3.000000e-04 5.039152e-04 4.802220e-04
-1.300000e-03 4.000000e-04 4.578712e-04 4.300746e-04
-1.300000e-03 5.000000e-04 3.914862e-04 3.491357e-04
-1.300000e-03 6.000000e-04 2.154123e-04 0.000000e+00
-1.300000e-03 7.000000e-04 0.000000e+00 0.000000e+00
-1.300000e-03 8.000000e-04 0.000000e+00 0.000000e+00
-1.300000e-03 9.000000e-04 0.000000e+00 0.000000e+00
-1.300000e-03 1.000000e-03 0.000000e+00 0.000000e+00
-1.300000e-03 1.100000e-03 0.000000e+00 0.000000e+00
-1.300000e-03 1.200000e-03 0.000000e+00 0.000000e+00
-1.300000e-03 1.300000e-03 0.000000e+00 0.000000e+00
-1.300000e-03 1.400000e-03 8.761484e-04 8.886217e-04
-1.300000e-03 1.500000e-03 7.410143e-04 7.519822e-04
-1.300000e-03 1.600000e-03 6.709290e-04 6.814804e-04
-1.300000e-03 1.700000e-03 6.235673e-04 6.341549e-04
-1.300000e-03 1.800000e-03 5.872021e-04 5.980983e-04
-1.300000e-03 1.900000e-03 5.570248e-04 5.684329e-04
-1.300000e-03 2.000000e-03 5.306133e-04 5.427114e-04
-1.300000e-03 2.100000e-03 5.065654e-04 5.195305e-04
-1.200000e-03 -2.000000e-03 0.000000e+00 0.000000e+00
-1.200000e-03 -1.900000e-03 0.000000e+00 0.000000e+00
-1.200000e-03 -1.800000e-03 0.000000e+00 0.000000e+00
-1.200000e-03 -1.700000e-03 0.000000e+00 0.000000e+00
-1.200000e-03 -1.600000e-03 0.000000e+00 0.000000e+00
-1.200000e-03 -1.500000e-03 0.000000e+00 1.942279e-03
-1.200000e-03 -1.400000e-03 0.000000e+00 1.307801e-03
-1.200000e-03 -1.300000e-03 1.730768e-03 1.120540e-03
-1.200000e-03 -1.200000e-03 1.250046e-03 1.012736e-03
-1.200000e-03 -1.100000e-03 1.080751e-03 9.374850e-04
-1.200000e-03 -1.000000e-03 9.796080e-04 8.795525e-04
-1.200000e-03 -9.000000e-04 9.076433e-04 8.321486e-04
-1.200000e-03 -8.000000e-04 8.514900e-04 7.916647e-04
-1.200000e-03 -7.000000e-04 8.050146e-04 7.559393e-04
-1.200000e-03 -6.000000e-04 7.648837e-04 7.235511e-04
-1.200000e-03 -5.000000e-04 7.290540e-04 6.934822e-04
-1.200000e-03 -4.000000e-04 6.961383e-04 6.649354e-04
-1.200000e-03 -3.000000e-04 6.650926e-04 6.372188e-04
-1.200000e-03 -2.000000e-04 6.350326e-04 6.096540e-04
-1.200000e-03 -1.000000e-04 6.050961e-04 5.814781e-04
-1.200000e-03 5.421011e-20 5.742956e-04 5.517004e-04
-1.200000e-03 1.000000e-04 5.412910e-04 5.188288e-04
-1.200000e-03 2.000000e-04 5.039152e-04 4.802220e-04
-1.200000e-03 3.000000e-04 4.578712e-04 4.300746e-04
-1.200000e-03 4.000000e-04 3.914862e-04 3.491357e-04
-1.200000e-03 5.000000e-04 2.154123e-04 0.000000e+00
-1.200000e-03 6.000000e-04 0.000000e+00 0.000000e+00
-1.200000e-03 7.000000e-04 0.000000e+00 0.000000e+00
-1.200000e-03 8.000000e-04 0.000000e+00 0.000000e+00
-1.200000e-03 9.000000e-04 0.000000e+00 0.000000e+00
-1.200000e-03 1.000000e-03 0.000000e+00 0.000000e+00
-1.200000e-03 1.100000e-03 0.000000e+00 0.000000e+00
-1.200000e-03 1.200000e-03 0.000000e+00 0.000000e+00
-1.200000e-03 1.300000e-03 8.761484e-04 8.886217e-04
-1.200000e-03 1.400000e-03 7.410143e-04 7.519822e-04
-1.200000e-03 1.500000e-03 6.709290e-04 6.814804e-04
-1.200000e-03 1.600000e-03 6.235673e-04 6.341549e-04
-1.200000e-03 1.700000e-03 5.872021e-04 5.980983e-04
-1.200000e-03 1.800000e-03 5.570248e-04 5.684329e-04
-1.200000e-03 1.900000e-03 5.306133e-04 5.427114e-04
-1.200000e-03 2.000000e-03 5.065654e-04 5.195305e-04
-1.200000e-03 2.100000e-03 4.839709e-04 4.979975e-04
-1.100000e-03 -2.000000e-03 0.000000e+00 0.000000e+00
-1.100000e-03 -1.900000e-03 0.000000e+00 0.000000e+00
-1.100000e-03 -1.800000e-03 0.000000e+00 0.000000e+00
-1.100000e-03 -1.700000e-03 0.000000e+00 0.000000e+00
-1.100000e-03 -1.600000e-03 0.000000e+00 1.942279e-03
-1.100000e-03 -1.500000e-03 0.000000e+00 1.307801e-03
-1.100000e-03 -1.400000e-03 1.730768e-03 1.120540e-03
-1.100000e-03 -1.300000e-03 1.250046e-03 1.012736e-03
-1.100000e-03 -1.200000e-03 1.080751e-03 9.374850e-04
-1.100000e-03 -1.100000e-03 9.796080e-04 8.795525e-04
-1.100000e-03 -1.000000e-03 9.076433e-04 8.321486e-04
-1.100000e-03 -9.000000e-04 8.514900e-04 7.916647e-04
-1.100000e-03 -8.000000e-04 8.050146e-04 7.559393e-04
-1.100000e-03 -7.000000e-04 7.648837e-04 7.235511e-04
-1.100000e-03 -6.000000e-04 7.290540e-04 6.934822e-04
-1.100000e-03 -5.000000e-04 6.961383e-04 6.649354e-04
-1.100000e-03 -4.000000e-04 6.650926e-04 6.372188e-04
-1.100000e-03 -3.000000e-04 6.350326e-04 6.096540e-04
-1.100000e-03 -2.000000e-04 6.050961e-04 5.814781e-04
-1.100000e-03 -1.000000e-04 5.742956e-04 5.517004e-04
-1.100000e-03 5.421011e-20 5.412910e-04 5.188288e-04
-1.100000e-03 1.000000e-04 5.039152e-04 4.802220e-04
-1.100000e-03 2.000000e-04 4.578712e-04 4.300746e-04
-1.100000e-03 3.000000e-04 3.914862e-04 3.491357e-04
-1.100000e-03 4.000000e-04 2.154123e-04 0.000000e+00
-1.100000e-03 5.000000e-04 0.000000e+00 0.000000e+00
-1.100000e-03 6.000000e-04 0.000000e+00 0.000000e+00
-1.100000e-03 7.000000e-04 0.000000e+00 0.000000e+00
-1.100000e-03 8.000000e-04 0.000000e+00 0.000000e+00
-1.100000e-03 9.000000e-04 0.000000e+00 0.000000e+00
-1.100000e-03 1.000000e-03 0.000000e+00 0.000000e+00
-1.100000e-03 1.100000e-03 0.000000e+00 0.000000e+00
-1.100000e-03 1.200000e-03 8.761484e-04 8.886217e-04
-1.100000e-03 1.300000e-03 7.410143e-04 7.519822e-04
-1.100000e-03 1.400000e-03 6.709290e-04 6.814804e-04
-1.100000e-03 1.500000e-03 6.235673e-04 6.341549e-04
-1.100000e-03 1.600000e-03 5.872021e-04 5.980983e-04
-1.100000e-03 1.700000e-03 5.570248e-04 5.684329e-04
-1.100000e-03 1.800000e-03 5.306133e-04 5.427114e-04
-1.100000e-03 1.900000e-03 5.065654e-04 5.195305e-04
-1.100000e-03 2.000000e-03 4.839709e-04 4.979975e-04
-1.100000e-03 2.100000e-03 4.621698e-04 4.774882e-04
-1.000000e-03 -2.000000e-03 0.000000e+00 0.000000e+00
-1.000000e-03 -1.900000e-03 0.000000e+00 0.000000e+00
-1.000000e-03 -1.800000e-03 0.000000e+00 0.000000e+00
-1.000000e-03 -1.700000e-03 0.000000e+00 1.942279e-03
-1.000000e-03 -1.600000e-03 0.000000e+00 1.307801e-03
-1.000000e-03 -1.500000e-03 1.730768e-03 1.120540e-03
-1.000000e-03 -1.400000e-03 1.250046e-03 1.012736e-03
-1.000000e-03 -1.300000e-03 1.080751e-03 9.374850e-04
-1.000000e-03 -1.200000e-03 9.796080e-04 8.795525e-04
-1.000000e-03 -1.100000e-03 9.076433e-04 8.321486e-04
-1.000000e-03 -1.000000e-03 8.514900e-04 7.916647e-04
-1.000000e-03 -9.000000e-04 8.050146e-04 7.559393e-04
-1.000000e-03 -8.000000e-04 7.648837e-04 7.235511e-04
-1.000000e-03 -7.000000e-04 7.290540e-04 6.934822e-04
-1.000000e-03 -6.000000e-04 6.961383e-04 6.649354e-04
-1.000000e-03 -5.000000e-04 6.650926e-04 6.372188e-04
-1.000000e-03 -4.000000e-04 6.350326e-04 6.096540e-04
-1.000000e-03 -3.000000e-04 6.050961e-04 5.814781e-04
-1.000000e-03 -2.000000e-04 5.742956e-04 5.517004e-04
-1.000000e-03 -1.000000e-04 5.412910e-04 5.188288e-04
-1.000000e-03 5.421011e-20 5.039152e-04 4.802220e-04
-1.000000e-03 1.000000e-04 4.578712e-04 4.300746e-04
-1.000000e-03 2.000000e-04 3.914862e-04 3.491357e-04
-1.000000e-03 3.000000e-04 2.154123e-04 0.000000e+00
-1.000000e-03 4.000000e-04 0.000000e+00 0.000000e+00
-1.000000e-03 5.000000e-04 0.000000e+00 0.000000e+00
-1.000000e-03 6.000000e-04 0.000000e+00 0.000000e+00
-1.000000e-03 7.000000e-04 0.000000e+00 0.000000e+00
-1.000000e-03 8.000000e-04 0.000000e+00 0.000000e+00
-1.000000e-03 9.000000e-04 0.000000e+00 0.000000e+00
-1.000000e-03 1.000000e-03 0.000000e+00 0.000000e+00
-1.000000e-03 1.100000e-03 8.761484e-04 8.886217e-04
-1.000000e-03 1.200000e-03 7.410143e-04 7.519822e-04
-1.000000e-03 1.300000e-03 6.709290e-04 6.814804e-04
-1.000000e-03 1.400000e-03 6.235673e-04 6.341549e-04
-1.000000e-03 1.500000e-03 5.872021e-04 5.980983e-04
-1.000000e-03 1.600000e-03 5.570248e-04 5.684329e-04
-1.000000e-03 1.700000e-03 5.306133e-04 5.427114e-04
-1.000000e-03 1.800000e-03 5.065654e-04 5.195305e-04
-1.000000e-03 1.900000e-03 4.839709e-04 4.979975e-04
-1.000000e-03 2.000000e-03 4.621698e-04 4.774882e-04
-1.000000e-03 2.100000e-03 4.406205e-04 4.575217e-04
-9.000000e-04 -2.000000e-03 0.000000e+00 0.000000e+00
-9.000000e-04 -1.900000e-03 0.000000e+00 0.000000e+00
-9.000000e-04 -1.800000e-03 0.000000e+00 1.942279e-03
-9.000000e-04 -1.700000e-03 0.000000e+00 1.307801e-03
-9.000000e-04 -1.600000e-03 1.730768e-03 1.120540e-03
-9.000000e-04 -1.500000e-03 1.250046e-03 1.012736e-03
-9.000000e-04 -1.400000e-03 1.080751e-03 9.374850e-04
-9.000000e-04 -1.300000e-03 9.796080e-04 8.795525e-04
-9.000000e-04 -1.200000e-03 9.076433e-04 8.321486e-04
-9.000000e-04 -1.100000e-03 8.514900e-04 7.916647e-04
-9.000000e-04 -1.000000e-03 8.050146e-04 7.559393e-04
-9.000000e-04 -9.000000e-04 7.648837e-04 7.235511e-04
-9.000000e-04 -8.000000e-04 7.290540e-04 6.934822e-04
-9.000000e-04 -7.000000e-04 6.961383e-04 6.649354e-04
-9.000000e-04 -6.000000e-04 6.650926e-04 6.372188e-04
-9.000000e-04 -5.000000e-04 6.350326e-04 6.096540e-04
-9.000000e-04 -4.000000e-04 6.050961e-04 5.814781e-04
-9.000000e-04 -3.000000e-04 5.742956e-04 5.517004e-04
-9.000000e-04 -2.000000e-04 5.412910e-04 5.188288e-04
-9.000000e-04 -1.000000e-04 5.039152e-04 4.802220e-04
-9.000000e-04 5.421011e-20 4.578712e-04 4.300746e-04
-9.000000e-04 1.000000e-04 3.914862e-04 3.491357e-04
-9.000000e-04 2.000000e-04 2.154123e-04 0.000000e+00
-9.000000e-04 3.000000e-04 0.000000e+00 0.000000e+00
-9.000000e-04 4.000000e-04 0.000000e+00 0.000000e+00
-9.000000e-04 5.000000e-04 0.000000e+00 0.000000e+00
-9.000000e-04 6.000000e-04 0.000000e+00 0.000000e+00
-9.000000e-04 7.000000e-04 0.000000e+00 0.000000e+00
-9.000000e-04 8.000000e-04 0.000000e+00 0.000000e+00
-9.000000e-04 9.000000e-04 0.000000e+00 0.000000e+00
-9.000000e-04 1.000000e-03 8.761484e-04 8.886217e-04
-9.000000e-04 1.100000e-03 7.410143e-04 7.519822e-04
-9.000000e-04 1.200000e-03 6.709290e-04 6.814804e-04
-9.000000e-04 1.300000e-03 6.235673e-04 6.341549e-04
-9.000000e-04 1.400000e-03 5.872021e-04 5.980983e-04
-9.000000e-04 1.500000e-03 5.570248e-04 5.684329e-04
-9.000000e-04 1.600000e-03 5.306133e-04 5.427114e-04
-9.000000e-04 1.700000e-03 5.065654e-04 5.195305e-04
-9.000000e-04 1.800000e-03 4.839709e-04 4.979975e-04
-9.000000e-04 1.900000e-03 4.621698e-04 4.774882e-04
-9.000000e-04 2.000000e-03 4.406205e-04 4.575217e-04
-9.000000e-04 2.100000e-03 4.188124e-04 4.376847e-04
-8.000000e-04 -2.000000e-03 0.000000e+00 0.000000e+00
-8.000000e-04 -1.900000e-03 0.000000e+00 1.942279e-03
-8.000000e-04 -1.800000e-03 0.000000e+00 1.307801e-03
-8.000000e-04 -1.700000e-03 1.730768e-03 1.120540e-03
-8.000000e-04 -1.600000e-03 1.250046e-03 1.012736e-03
-8.000000e-04 -1.500000e-03 1.080751e-03 9.374850e-04
-8.000000e-04 -1.400000e-03 9.796080e-04 8.795525e-04
-8.000000e-04 -1.300000e-03 9.076433e-04 8.321486e-04
-8.000000e-04 -1.200000e-03 8.514900e-04 7.916647e-04
-8.000000e-04 -1.100000e-03 8.050146e-04 7.559393e-04
-8.000000e-04 -1.000000e-03 7.648837e-04 7.235511e-04
-8.000000e-04 -9.000000e-04 7.290540e-04 6.934822e-04
-8.000000e-04 -8.000000e-04 6.961383e-04 6.649354e-04
-8.000000e-04 -7.000000e-04 6.650926e-04 6.372188e-04
-8.000000e-04 -6.000000e-04 6.350326e-04 6.096540e-04
-8.000000e-04 -5.000000e-04 6.050961e-04 5.814781e-04
-8.000000e-04 -4.000000e-04 5.742956e-04 5.517004e-04
-8.000000e-04 -3.000000e-04 5.412910e-04 5.188288e-04
-8.000000e-04 -2.000000e-04 5.039152e-04 4.802220e-04
-8.000000e-04 -1.000000e-04 4.578712e-04 4.300746e-04
-8.000000e-04 5.421011e-20 3.914862e-04 3.491357e-04
-8.000000e-04 1.000000e-04 2.154123e-04 0.000000e+00
-8.000000e-04 2.000000e-04 0.000000e+00 0.000000e+00
-8.000000e-04 3.000000e-04 0.000000e+00 0.000000e+00
-8.000000e-04 4.000000e-04 0.000000e+00 0.000000e+00
-8.000000e-04 5.000000e-04 0.000000e+00 0.000000e+00
-8.000000e-04 6.000000e-04 0.000000e+00 0.000000e+00
-8.000000e-04 7.000000e-04 0.000000e+00 0.000000e+00
-8.000000e-04 8.000000e-04 0.000000e+00 0.000000e+00
-8.000000e-04 9.000000e-04 8.761484e-04 8.886217e-04
-8.000000e-04 1.000000e-03 7.410143e-04 7.519822e-04
-8.000000e-04 1.100000e-03 6.709290e-04 6.814804e-04
-8.000000e-04 1.200000e-03 6.235673e-04 6.341549e-04
-8.000000e-04 1.300000e-03 5.872021e-04 5.980983e-04
-8.000000e-04 1.400000e-03 5.570248e-04 5.684329e-04
-8.000000e-04 1.500000e-03 5.306133e-04 5.427114e-04
-8.000000e-04 1.600000e-03 5.065654e-04 5.195305e-04
-8.000000e-04 1.700000e-03 4.839709e-04 4.979975e-04
-8.000000e-04 1.800000e-03 4.621698e-04 4.774882e-04
-8.000000e-04 1.900000e-03 4.406205e-04 4.575217e-04
-8.000000e-04 2.000000e-03 4.188124e-04 4.376847e-04
-8.000000e-04 2.100000e-03 3.961838e-04 4.175760e-04
-7.000000e-04 -2.000000e-03 0.000000e+00 1.942279e-03
-7.000000e-04 -1.900000e-03 0.000000e+00 1.307801e-03
-7.000000e-04 -1.800000e-03 1.730768e-03 1.120540e-03
-7.000000e-04 -1.700000e-03 1.250046e-03 1.012736e-03
-7.000000e-04 -1.600000e-03 1.080751e-03 9.374850e-04
-7.000000e-04 -1.500000e-03 9.796080e-04 8.795525e-04
-7.000000e-04 -1.400000e-03 9.076433e-04 8.321486e-04
-7.000000e-04 -1.300000e-03 8.514900e-04 7.916647e-04
-7.000000e-04 -1.200000e-03 8.050146e-04 7.559393e-04
-7.000000e-04 -1.100000e-03 7.648837e-04 7.235511e-04
-7.000000e-04 -1.000000e-03 7.290540e-04 6.934822e-04
-7.000000e-04 -9.000000e-04 6.961383e-04 6.649354e-04
-7.000000e-04 -8.000000e-04 6.650926e-04 6.372188e-04
-7.000000e-04 -7.000000e-04 6.350326e-04 6.096540e-04
-7.000000e-04 -6.000000e-04 6.050961e-04 5.814781e-04
-7.000000e-04 -5.000000e-04 5.742956e-04 5.517004e-04
-7.000000e-04 -4.000000e-04 5.412910e-04 5.188288e-04
-7.000000e-04 -3.000000e-04 5.039152e-04 4.802220e-04
-7.000000e-04 -2.000000e-04 4.578712e-04 4.300746e-04
-7.000000e-04 -1.000000e-04 3.914862e-04 3.491357e-04
-7.000000e-04 5.421011e-20 2.154123e-04 0.000000e+00
-7.000000e-04 1.000000e-04 0.000000e+00 0.000000e+00
-7.000000e-04 2.000000e-04 0.000000e+00 0.000000e+00
-7.000000e-04 3.000000e-04 0.000000e+00 0.000000e+00
-7.000000e-04 4.000000e-04 0.000000e+00 0.000000e+00
-7.000000e-04 5.000000e-04 0.000000e+00 0.000000e+00
-7.000000e-04 6.000000e-04 0.000000e+00 0.000000e+00
-7.000000e-04 7.000000e-04 0.000000e+00 0.000000e+00
-7.000000e-04 8.000000e-04 8.761484e-04 8.886217e-04
-7.000000e-04 9.000000e-04 7.410143e-04 7.519822e-04
-7.000000e-04 1.000000e-03 6.709290e-04 6.814804e-04
-7.000000e-04 1.100000e-03 6.235673e-04 6.341549e-04
-7.000000e-04 1.200000e-03 5.872021e-04 5.980983e-04
-7.000000e-04 1.300000e-03 5.570248e-04 5.684329e-04
-7.000000e-04 1.400000e-03 5.306133e-04 5.427114e-04
-7.000000e-04 1.500000e-03 5.065654e-04 5.195305e-04
-7.000000e-04 1.600000e-03 4.839709e-04 4.979975e-04
-7.000000e-04 1.700000e-03 4.621698e-04 4.774882e-04
-7.000000e-04 1.800000e-03 4.406205e-04 4.575217e-04
-7.000000e-04 1.900000e-03 4.188124e-04 4.376847e-04
-7.000000e-04 2.000000e-03 3.961838e-04 4.175760e-04
-7.000000e-04 2.100000e-03 3.720112e-04 3.967508e-04
-6.000000e-04 -2.000000e-03 0.000000e+00 1.307801e-03
-6.000000e-04 -1.900000e-03 1.730768e-03 1.120540e-03
-6.000000e-04 -1.800000e-03 1.250046e-03 1.012736e-03
-6.000000e-04 -1.700000e-03 1.080751e-03 9.374850e-04
-6.000000e-04 -1.600000e-03 9.796080e-04 8.795525e-04
-6.000000e-04 -1.500000e-03 9.076433e-04 8.321486e-04
-6.000000e-04 -1.400000e-03 8.514900e-04 7.916647e-04
-6.000000e-04 -1.300000e-03 8.050146e-04 7.559393e-04
-6.000000e-04 -1.200000e-03 7.648837e-04 7.235511e-04
-6.000000e-04 -1.100000e-03 7.290540e-04 6.934822e-04
-6.000000e-04 -1.000000e-03 6.961383e-04 6.649354e-04
-6.000000e-04 -9.000000e-04 6.650926e-04 6.372188e-04
-6.000000e-04 -8.000000e-04 6.350326e-04 6.096540e-04
-6.000000e-04 -7.000000e-04 6.050961e-04 5.814781e-04
-6.000000e-04 -6.000000e-04 5.742956e-04 5.517004e-04
-6.000000e-04 -5.000000e-04 5.412910e-04 5.188288e-04
-6.000000e-04 -4.000000e-04 5.039152e-04 4.802220e-04
-6.000000e-04 -3.000000e-04 4.578712e-04 4.300746e-04
-6.000000e-04 -2.000000e-04 3.914862e-04 3.491357e-04
-6.000000e-04 -1.000000e-04 2.154123e-04 0.000000e+00
-6.000000e-04 5.421011e-20 0.000000e+00 0.000000e+00
-6.000000e-04 1.000000e-04 0.000000e+00 0.000000e+00
-6.000000e-04 2.000000e-04 0.000000e+00 0.000000e+00
-6.000000e-04 3.000000e-04 0.000000e+00 0.000000e+00
-6.000000e-04 4.000000e-04 0.000000e+00 0.000000e+00
-6.000000e-04 5.000000e-04 0.000000e+00 0.000000e+00
-6.000000e-04 6.000000e-04 0.000000e+00 0.000000e+00
-6.000000e-04 7.000000e-04 8.761484e-04 8.886217e-04
-6.000000e-04 8.000000e-04 7.410143e-04 7.519822e-04
-6.000000e-04 9.000000e-04 6.709290e-04 6.814804e-04
-6.000000e-04 1.000000e-03 6.235673e-04 6.341549e-04
-6.000000e-04 1.100000e-03 5.872021e-04 5.980983e-04
-6.000000e-04 1.200000e-03 5.570248e-04 5.684329e-04
-6.000000e-04 1.300000e-03 5.306133e-04 5.427114e-04
-6.000000e-04 1.400000e-03 5.065654e-04 5.195305e-04
-6.000000e-04 1.500000e-03 4.839709e-04 4.979975e-04
-6.000000e-04 1.600000e-03 4.621698e-04 4.774882e-04
-6.000000e-04 1.700000e-03 4.406205e-04 4.575217e-04
-6.000000e-04 1.800000e-03 4.188124e-04 4.376847e-04
-6.000000e-04 1.900000e-03 3.961838e-04 4.175760e-04
-6.000000e-04 2.000000e-03 3.720112e-04 3.967508e-04
-6.000000e-04 2.100000e-03 3.452007e-04 3.746453e-04
-5.000000e-04 -2.000000e-03 1.730768e-03 1.120540e-03
-5.000000e-04 -1.900000e-03 1.250046e-03 1.012736e-03
-5.000000e-04 -1.800000e-03 1.080751e-03 9.374850e-04
-5.000000e-04 -1.700000e-03 9.796080e-04 8.795525e-04
-5.000000e-04 -1.600000e-03 9.076433e-04 8.321486e-04
-5.000000e-04 -1.500000e-03 8.514900e-04 7.916647e-04
-5.000000e-04 -1.400000e-03 8.050146e-04 7.559393e-04
-5.000000e-04 -1.300000e-03 7.648837e-04 7.235511e-04
-5.000000e-04 -1.200000e-03 7.290540e-04 6.934822e-04
-5.000000e-04 -1.100000e-03 6.961383e-04 6.649354e-04
-5.000000e-04 -1.000000e-03 6.650926e-04 6.372188e-04
-5.000000e-04 -9.000000e-04 6.350326e-04 6.096540e-04
-5.000000e-04 -8.000000e-04 6.050961e-04 5.814781e-04
-5.000000e-04 -7.000000e-04 5.742956e-04 5.517004e-04
-5.000000e-04 -6.000000e-04 5.412910e-04 5.188288e-04
-5.000000e-04 -5.000000e-04 5.039152e-04 4.802220e-04
-5.000000e-04 -4.000000e-04 4.578712e-04 4.300746e-04
-5.000000e-04 -3.000000e-04 3.914862e-04 3.491357e-04
-5.000000e-04 -2.000000e-04 2.154123e-04 0.000000e+00
-5.000000e-04 -1.000000e-04 0.000000e+00 0.000000e+00
-5.000000e-04 5.421011e-20 0.000000e+00 0.000000e+00
-5.000000e-04 1.000000e-04 0.000000e+00 0.000000e+00
-5.000000e-04 2.000000e-04 0.000000e+00 0.000000e+00
-5.000000e-04 3.000000e-04 0.000000e+00 0.000000e+00
-5.000000e-04 4.000000e-04 0.000000e+00 0.000000e+00
-5.000000e-04 5.000000e-04 0.000000e+00 0.000000e+00
-5.000000e-04 6.000000e-04 8.761484e-04 8.886217e-04
-5.000000e-04 7.000000e-04 7.410143e-04 7.519822e-04
-5.000000e-04 8.000000e-04 6.709290e-04 6.814804e-04
-5.000000e-04 9.000000e-04 6.235673e-04 6.341549e-04
-5.000000e-04 1.000000e-03 5.872021e-04 5.980983e-04
-5.000000e-04 1.100000e-03 5.570248e-04 5.684329e-04
-5.000000e-04 1.200000e-03 5.306133e-04 5.427114e-04
-5.000000e-04 1.300000e-03 5.065654e-04 5.195305e-04
-5.000000e-04 1.400000e-03 4.839709e-04 4.979975e-04
-5.000000e-04 1.500000e-03 4.621698e-04 4.774882e-04
-5.000000e-04 1.600000e-03 4.406205e-04 4.575217e-04
-5.000000e-04 1.700000e-03 4.188124e-04 4.376847e-04
-5.000000e-04 1.800000e-03 3.961838e-04 4.175760e-04
-5.000000e-04 1.900000e-03 3.720112e-04 3.967508e-04
-5.000000e-04 2.000000e-03 3.452007e-04 3.746453e-04
-5.000000e-04 2.100000e-03 3.137744e-04 3.504418e-04
-4.000000e-04 -2.000000e-03 1.250046e-03 1.012736e-03
-4.000000e-04 -1.900000e-03 1.080751e-03 9.374850e-04
-4.000000e-04 -1.800000e-03 9.796080e-04 8.795525e-04
-4.000000e-04 -1.700000e-03 9.076433e-04 8.321486e-04
-4.000000e-04 -1.600000e-03 8.514900e-04 7.916647e-04
-4.000000e-04 -1.500000e-03 8.050146e-04 7.559393e-04
-4.000000e-04 -1.400000e-03 7.648837e-04 7.235511e-04
-4.000000e-04 -1.300000e-03 7.290540e-04 6.934822e-04
-4.000000e-04 -1.200000e-03 6.961383e-04 6.649354e-04
-4.000000e-04 -1.100000e-03 6.650926e-04 6.372188e-04
-4.000000e-04 -1.000000e-03 6.350326e-04 6.096540e-04
-4.000000e-04 -9.000000e-04 6.050961e-04 5.814781e-04
-4.000000e-04 -8.000000e-04 5.742956e-04 5.517004e-04
-4.000000e-04 -7.000000e-04 5.412910e-04 5.188288e-04
-4.000000e-04 -6.000000e-04 5.039152e-04 4.802220e-04
-4.000000e-04 -5.000000e-04 4.578712e-04 4.300746e-04
-4.000000e-04 -4.000000e-04 3.914862e-04 3.491357e-04
-4.000000e-04 -3.000000e-04 2.154123e-04 0.000000e+00
-4.000000e-04 -2.000000e-04 0.000000e+00 0.000000e+00
-4.000000e-04 -1.000000e-04 0.000000e+00 0.000000e+00
-4.000000e-04 5.421011e-20 0.000000e+00 0.000000e+00
-4.000000e-04 1.000000e-04 0.000000e+00 0.000000e+00
-4.000000e-04 2.000000e-04 0.000000e+00 0.000000e+00
-4.000000e-04 3.000000e-04 0.000000e+00 0.000000e+00
-4.000000e-04 4.000000e-04 0.000000e+00 0.000000e+00
-4.000000e-04 5.000000e-04 8.761484e-04 8.886217e-04
-4.000000e-04 6.000000e-04 7.410143e-04 7.519822e-04
-4.000000e-04 7.000000e-04 6.709290e-04 6.814804e-04
-4.000000e-04 8.000000e-04 6.235673e-04 6.341549e-04
-4.000000e-04 9.000000e-04 5.872021e-04 5.980983e-04
-4.000000e-04 1.000000e-03 5.570248e-04 5.684329e-04
-4.000000e-04 1.100000e-03 5.306133e-04 5.427114e-04
-4.000000e-04 1.200000e-03 5.065654e-04 5.195305e-04
-4.000000e-04 1.300000e-03 4.839709e-04 4.979975e-04
-4.000000e-04 1.400000e-03 4.621698e-04 4.774882e-04
-4.000000e-04 1.500000e-03 4.406205e-04 4.575217e-04
-4.000000e-04 1.600000e-03 4.188124e-04 4.376847e-04
-4.000000e-04 1.700000e-03 3.961838e-04 4.175760e-04
-4.000000e-04 1.800000e-03 3.720112e-04 3.967508e-04
-4.000000e-04 1.900000e-03 3.452007e-04 3.746453e-04
-4.000000e-04 2.000000e-03 3.137744e-04 3.504418e-04
-4.000000e-04 2.100000e-03 2.731311e-04 3.227651e-04
-3.000000e-04 -2.000000e-03 1.080751e-03 9.374850e-04
-3.000000e-04 -1.900000e-03 9.796080e-04 8.795525e-04
-3.000000e-04 -1.800000e-03 9.076433e-04 8.321486e-04
-3.000000e-04 -1.700000e-03 8.514900e-04 7.916647e-04
-3.000000e-04 -1.600000e-03 8.050146e-04 7.559393e-04
-3.000000e-04 -1.500000e-03 7.648837e-04 7.235511e-04
-3.000000e-04 -1.400000e-03 7.290540e-04 6.934822e-04
-3.000000e-04 -1.300000e-03 6.961383e-04 6.649354e-04
-3.000000e-04 -1.200000e-03 6.650926e-04 6.372188e-04
-3.000000e-04 -1.100000e-03 6.350326e-04 6.096540e-04
-3.000000e-04 -1.000000e-03 6.050961e-04 5.814781e-04
-3.000000e-04 -9.000000e-04 5.742956e-04 5.517004e-04
-3.000000e-04 -8.000000e-04 5.412910e-04 5.188288e-04
-3.000000e-04 -7.000000e-04 5.039152e-04 4.802220e-04
-3.000000e-04 -6.000000e-04 4.578712e-04 4.300746e-04
-3.000000e-04 -5.000000e-04 3.914862e-04 3.491357e-04
-3.000000e-04 -4.000000e-04 2.154123e-04 0.000000e+00
-3.000000e-04 -3.000000e-04 0.000000e+00 0.000000e+00
-3.000000e-04 -2.000000e-04 0.000000e+00 0.000000e+00
-3.000000e-04 -1.000000e-04 0.000000e+00 0.000000e+00
-3.000000e-04 5.421011e-20 0.000000e+00 0.000000e+00
-3.000000e-04 1.000000e-04 0.000000e+00 0.000000e+00
-3.000000e-04 2.000000e-04 0.000000e+00 0.000000e+00
-3.000000e-04 3.000000e-04 0.000000e+00 0.000000e+00
-3.000000e-04 4.000000e-04 8.761484e-04 8.886217e-04
-3.000000e-04 5.000000e-04 7.410143e-04 7.519822e-04
-3.000000e-04 6.000000e-04 6.709290e-04 6.814804e-04
-3.000000e-04 7.000000e-04 6.235673e-04 6.341549e-04
-3.000000e-04 8.000000e-04 5.872021e-04 5.980983e-04
-3.000000e-04 9.000000e-04 5.570248e-04 5.684329e-04
-3.000000e-04 1.000000e-03 5.306133e-04 5.427114e-04
-3.000000e-04 1.100000e-03 5.065654e-04 5.195305e-04
-3.000000e-04 1.200000e-03 4.839709e-04 4.979975e-04
-3.000000e-04 1.300000e-03 4.621698e-04 4.774882e-04
-3.000000e-04 1.400000e-03 4.406205e-04 4.575217e-04
-3.000000e-04 1.500000e-03 4.188124e-04 4.376847e-04
-3.000000e-04 1.600000e-03 3.961838e-04 4.175760e-04
-3.000000e-04 1.700000e-03 3.720112e-04 3.967508e-04
-3.000000e-04 1.800000e-03 3.452007e-04 3.746453e-04
-3.000000e-04 1.900000e-03 3.137744e-04 3.504418e-04
-3.000000e-04 2.000000e-03 2.731311e-04 3.227651e-04
-3.000000e-04 2.100000e-03 2.049008e-04 2.888127e-04
-2.000000e-04 -2.000000e-03 9.796080e-04 8.795525e-04
-2.000000e-04 -1.900000e-03 9.076433e-04 8.321486e-04
-2.000000e-04 -1.800000e-03 8.514900e-04 7.916647e-04
-2.000000e-04 -1.700000e-03 8.050146e-04 7.559393e-04
-2.000000e-04 -1.600000e-03 7.648837e-04 7.235511e-04
-2.000000e-04 -1.500000e-03 7.290540e-04 6.934822e-04
-2.000000e-04 -1.400000e-03 6.961383e-04 6.649354e-04
-2.000000e-04 -1.300000e-03 6.650926e-04 6.372188e-04
-2.000000e-04 -1.200000e-03 6.350326e-04 6.096540e-04
-2.000000e-04 -1.100000e-03 6.050961e-04 5.814781e-04
-2.000000e-04 -1.000000e-03 5.742956e-04 5.517004e-04
-2.000000e-04 -9.000000e-04 5.412910e-04 5.188288e-04
-2.000000e-04 -8.000000e-04 5.039152e-04 4.802220e-04
-2.000000e-04 -7.000000e-04 4.578712e-04 4.300746e-04
-2.000000e-04 -6.000000e-04 3.914862e-04 3.491357e-04
-2.000000e-04 -5.000000e-04 2.154123e-04 0.000000e+00
-2.000000e-04 -4.000000e-04 0.000000e+00 0.000000e+00
-2.000000e-04 -3.000000e-04 0.000000e+00 0.000000e+00
-2.000000e-04 -2.000000e-04 0.000000e+00 0.000000e+00
-2.000000e-04 -1.000000e-04 0.000000e+00 0.000000e+00
-2.000000e-04 5.421011e-20 0.000000e+00 0.000000e+00
-2.000000e-04 1.000000e-04 0.000000e+00 0.000000e+00
-2.000000e-04 2.000000e-04 0.000000e+00 0.000000e+00
-2.000000e-04 3.000000e-04 8.761484e-04 8.886217e-04
-2.000000e-04 4.000000e-04 7.410143e-04 7.519822e-04
-2.000000e-04 5.000000e-04 6.709290e-04 6.814804e-04
-2.000000e-04 6.000000e-04 6.235673e-04 6.341549e-04
-2.000000e-04 7.000000e-04 5.872021e-04 5.980983e-04
-2.000000e-04 8.000000e-04 5.570248e-04 5.684329e-04
-2.000000e-04 9.000000e-04 5.306133e-04 5.427114e-04
-2.000000e-04 1.000000e-03 5.065654e-04 5.195305e-04
-2.000000e-04 1.100000e-03 4.839709e-04 4.979975e-04
-2.000000e-04 1.200000e-03 4.621698e-04 4.774882e-04
-2.000000e-04 1.300000e-03 4.406205e-04 4.575217e-04
-2.000000e-04 1.400000e-03 4.188124e-04 4.376847e-04
-2.000000e-04 1.500000e-03 3.961838e-04 4.175760e-04
-2.000000e-04 1.600000e-03 3.720112e-04 3.967508e-04
-2.000000e-04 1.700000e-03 3.452007e-04 3.746453e-04
-2.000000e-04 1.800000e-03 3.137744e-04 3.504418e-04
-2.000000e-04 1.900000e-03 2.731311e-04 3.227651e-04
-2.000000e-04 2.000000e-03 2.049008e-04 2.888127e-04
-2.000000e-04 2.100000e-03 0.000000e+00 2.406190e-04
-1.000000e-04 -2.000000e-03 9.076433e-04 8.321486e-04
-1.000000e-04 -1.900000e-03 8.514900e-04 7.916647e-04
-1.000000e-04 -1.800000e-03 8.050146e-04 7.559393e-04
-1.000000e-04 -1.700000e-03 7.648837e-04 7.235511e-04
-1.000000e-04 -1.600000e-03 7.290540e-04 6.934822e-04
-1.000000e-04 -1.500000e-03 6.961383e-04 6.649354e-04
-1.000000e-04 -1.400000e-03 6.650926e-04 6.372188e-04
-1.000000e-04 -1.300000e-03 6.350326e-04 6.096540e-04
-1.000000e-04 -1.200000e-03 6.050961e-04 5.814781e-04
-1.000000e-04 -1.100000e-03 5.742956e-04 5.517004e-04
-1.000000e-04 -1.000000e-03 5.412910e-04 5.188288e-04
-1.000000e-04 -9.000000e-04 5.039152e-04 4.802220e-04
-1.000000e-04 -8.000000e-04 4.578712e-04 4.300746e-04
-1.000000e-04 -7.000000e-04 3.914862e-04 3.491357e-04
-1.000000e-04 -6.000000e-04 2.154123e-04 0.000000e+00
-1.000000e-04 -5.000000e-04 0.000000e+00 0.000000e+00
-1.000000e-04 -4.000000e-04 0.000000e+00 0.000000e+00
-1.000000e-04 -3.000000e-04 0.000000e+00 0.000000e+00
-1.000000e-04 -2.000000e-04 0.000000e+00 0.000000e+00
-1.000000e-04 -1.000000e-04 0.000000e+00 0.000000e+00
-1.000000e-04 5.421011e-20 0.000000e+00 0.000000e+00
-1.000000e-04 1.000000e-04 0.000000e+00 0.000000e+00
-1.000000e-04 2.000000e-04 8.761484e-04 8.886217e-04
-1.000000e-04 3.000000e-04 7.410143e-04 7.519822e-04
-1.000000e-04 4.000000e-04 6.709290e-04 6.814804e-04
-1.000000e-04 5.000000e-04 6.235673e-04 6.341549e-04
-1.000000e-04 6.000000e-04 5.872021e-04 5.980983e-04
-1.000000e-04 7.000000e-04 5.570248e-04 5.684329e-04
-1.000000e-04 8.000000e-04 5.306133e-04 5.427114e-04
-1.000000e-04 9.000000e-04 5.065654e-04 5.195305e-04
-1.000000e-04 1.000000e-03 4.839709e-04 4.979975e-04
-1.000000e-04 1.100000e-03 4.621698e-04 4.774882e-04
-1.000000e-04 1.200000e-03 4.406205e-04 4.575217e-04
-1.000000e-04 1.300000e-03 4.188124e-04 4.376847e-04
-1.000000e-04 1.400000e-03 3.961838e-04 4.175760e-04
-1.000000e-04 1.500000e-03 3.720112e-04 3.967508e-04
-1.000000e-04 1.600000e-03 3.452007e-04 3.746453e-04
-1.000000e-04 1.700000e-03 3.137744e-04 3.504418e-04
-1.000000e-04 1.800000e-03 2.731311e-04 3.227651e-04
-1.000000e-04 1.900000e-03 2.049008e-04 2.888127e-04
-1.000000e-04 2.000000e-03 0.000000e+00 2.406190e-04
-1.000000e-04 2.100000e-03 0.000000e+00 0.000000e+00
5.421011e-20 -2.000000e-03 8.514900e-04 7.916647e-04
5.421011e-20 -1.900000e-03 8.050146e-04 7.559393e-04
5.421011e-20 -1.800000e-03 7.648837e-04 7.235511e-04
5.421011e-20 -1.700000e-03 7.290540e-04 6.934822e-04
5.421011e-20 -1.600000e-03 6.961383e-04 6.649354e-04
5.421011e-20 -1.500000e-03 6.650926e-04 6.372188e-04
5.421011e-20 -1.400000e-03 6.350326e-04 6.096540e-04
5.421011e-20 -1.300000e-03 6.050961e-04 5.814781e-04
5.421011e-20 -1.200000e-03 5.742956e-04 5.517004e-04
5.421011e-20 -1.100000e-03 5.412910e-04 5.188288e-04
5.421011e-20 -1.000000e-03 5.039152e-04 4.802220e-04
5.421011e-20 -9.000000e-04 4.578712e-04 4.300746e-04
5.421011e-20 -8.000000e-04 3.914862e-04 3.491357e-04
5.421011e-20 -7.000000e-04 2.154123e-04 0.000000e+00
5.421011e-20 -6.000000e-04 0.000000e+00 0.000000e+00
5.421011e-20 -5.000000e-04 0.000000e+00 0.000000e+00
5.421011e-20 -4.000000e-04 0.000000e+00 0.000000e+00
5.421011e-20 -3.000000e-04 0.000000e+00 0.000000e+00
5.421011e-20 -2.000000e-04 0.000000e+00 0.000000e+00
5.421011e-20 -1.000000e-04 0.000000e+00 0.000000e+00
5.421011e-20 5.421011e-20 0.000000e+00 0.000000e+00
5.421011e-20 1.000000e-04 8.761484e-04 8.886217e-04
5.421011e-20 2.000000e-04 7.410143e-04 7.519822e-04
5.421011e-20 3.000000e-04 6.709290e-04 6.814804e-04
5.421011e-20 4.000000e-04 6.235673e-04 6.341549e-04
5.421011e-20 5.000000e-04 5.872021e-04 5.980983e-04
5.421011e-20 6.000000e-04 5.570248e-04 5.684329e-04
5.421011e-20 7.000000e-04 5.306133e-04 5.427114e-04
5.421011e-20 8.000000e-04 5.065654e-04 5.195305e-04
5.421011e-20 9.000000e-04 4.839709e-04 4.979975e-04
5.421011e-20 1.000000e-03 4.621698e-04 4.774882e-04
5.421011e-20 1.100000e-03 4.406205e-04 4.575217e-04
5.421011e-20 1.200000e-03 4.188124e-04 4.376847e-04
5.421011e-20 1.300000e-03 3.961838e-04 4.175760e-04
5.421011e-20 1.400000e-03 3.720112e-04 3.967508e-04
5.421011e-20 1.500000e-03 3.452007e-04 3.746453e-04
5.421011e-20 1.600000e-03 3.137744e-04 3.504418e-04
5.421011e-20 1.700000e-03 2.731311e-04 3.227651e-04
5.421011e-20 1.800000e-03 2.049008e-04 2.888127e-04
5.421011e-20 1.900000e-03 0.000000e+00 2.406190e-04
5.421011e-20 2.000000e-03 0.000000e+00 0.000000e+00
5.421011e-20 2.100000e-03 0.000000e+00 0.000000e+00
1.000000e-04 -2.000000e-03 8.050146e-04 7.559393e-04
1.000000e-04 -1.900000e-03 7.648837e-04 7.235511e-04
1.000000e-04 -1.800000e-03 7.290540e-04 6.934822e-04
1.000000e-04 -1.700000e-03 6.961383e-04 6.649354e-04
1.000000e-04 -1.600000e-03 6.650926e-04 6.372188e-04
1.000000e-04 -1.500000e-03 6.350326e-04 6.096540e-04
1.000000e-04 -1.400000e-03 6.050961e-04 5.814781e-04
1.000000e-04 -1.300000e-03 5.742956e-04 5.517004e-04
1.000000e-04 -1.200000e-03 5.412910e-04 5.188288e-04
1.000000e-04 -1.100000e-03 5.039152e-04 4.802220e-04
1.000000e-04 -1.000000e-03 4.578712e-04 4.300746e-04
1.000000e-04 -9.000000e-04 3.914862e-04 3.491357e-04
1.000000e-04 -8.000000e-04 2.154123e-04 0.000000e+00
1.000000e-04 -7.000000e-04 0.000000e+00 0.000000e+00
1.000000e-04 -6.000000e-04 0.000000e+00 0.000000e+00
1.000000e-04 -5.000000e-04 0.000000e+00 0.000000e+00
1.000000e-04 -4.000000e-04 0.000000e+00 0.000000e+00
1.000000e-04 -3.000000e-04 0.000000e+00 0.000000e+00
1.000000e-04 -2.000000e-04 0.000000e+00 0.000000e+00
1.000000e-04 -1.000000e-04 0.000000e+00 0.000000e+00
1.000000e-04 5.421011e-20 8.761484e-04 8.886217e-04
1.000000e-04 1.000000e-04 7.410143e-04 7.519822e-04
1.000000e-04 2.000000e-04 6.709290e-04 6.814804e-04
1.000000e-04 3.000000e-04 6.235673e-04 6.341549e-04
1.000000e-04 4.000000e-04 5.872021e-04 5.980983e-04
1.000000e-04 5.000000e-04 5.570248e-04 5.684329e-04
1.000000e-04 6.000000e-04 5.306133e-04 5.427114e-04
1.000000e-04 7.000000e-04 5.065654e-04 5.195305e-04
1.000000e-04 8.000000e-04 4.839709e-04 4.979975e-04
1.000000e-04 9.000000e-04 4.621698e-04 4.774882e-04
1.000000e-04 1.000000e-03 4.406205e-04 4.575217e-04
1.000000e-04 1.100000e-03 4.188124e-04 4.376847e-04
1.000000e-04 1.200000e-03 3.961838e-04 4.175760e-04
1.000000e-04 1.300000e-03 3.720112e-04 3.967508e-04
1.000000e-04 1.400000e-03 3.452007e-04 3.746453e-04
1.000000e-04 1.500000e-03 3.137744e-04 3.504418e-04
1.000000e-04 1.600000e-03 2.731311e-04 3.227651e-04
1.000000e-04 1.700000e-03 2.049008e-04 2.888127e-04
1.000000e-04 1.800000e-03 0.000000e+00 2.406190e-04
1.000000e-04 1.900000e-03 0.000000e+00 0.000000e+00
1.000000e-04 2.000000e-03 0.000000e+00 0.000000e+00
1.000000e-04 2.100000e-03 0.000000e+00 0.000000e+00
2.000000e-04 -2.000000e-03 7.648837e-04 7.235511e-04
2.000000e-04 -1.900000e-03 7.290540e-04 6.934822e-04
2.000000e-04 -1.800000e-03 6.961383e-04 6.649354e-04
2.000000e-04 -1.700000e-03 6.650926e-04 6.372188e-04
2.000000e-04 -1.600000e-03 6.350326e-04 6.096540e-04
2.000000e-04 -1.500000e-03 6.050961e-04 5.814781e-04
2.000000e-04 -1.400000e-03 5.742956e-04 5.517004e-04
2.000000e-04 -1.300000e-03 5.412910e-04 5.188288e-04
2.000000e-04 -1.200000e-03 5.039152e-04 4.802220e-04
2.000000e-04 -1.100000e-03 4.578712e-04 4.300746e-04
2.000000e-04 -1.000000e-03 3.914862e-04 3.491357e-04
2.000000e-04 -9.000000e-04 2.154123e-04 0.000000e+00
2.000000e-04 -8.000000e-04 0.000000e+00 0.000000e+00
2.000000e-04 -7.000000e-04 0.000000e+00 0.000000e+00
2.000000e-04 -6.000000e-04 0.000000e+00 0.000000e+00
2.000000e-04 -5.000000e-04 0.000000e+00 0.000000e+00
2.000000e-04 -4.000000e-04 0.000000e+00 0.000000e+00
2.000000e-04 -3.000000e-04 0.000000e+00 0.000000e+00
2.000000e-04 -2.000000e-04 0.000000e+00 0.000000e+00
2.000000e-04 -1.000000e-04 8.761484e-04 8.886217e-04
2.000000e-04 5.421011e-20 7.410143e-04 7.519822e-04
2.000000e-04 1.000000e-04 6.709290e-04 6.814804e-04
2.000000e-04 2.000000e-04 6.235673e-04 6.341549e-04
2.000000e-04 3.000000e-04 5.872021e-04 5.980983e-04
2.000000e-04 4.000000e-04 5.570248e-04 5.684329e-04
2.000000e-04 5.000000e-04 5.306133e-04 5.427114e-04
2.000000e-04 6.000000e-04 5.065654e-04 5.195305e-04
2.000000e-04 7.000000e-04 4.839709e-04 4.979975e-04
2.000000e-04 8.000000e-04 4.621698e-04 4.774882e-04
2.000000e-04 9.000000e-04 4.406205e-04 4.575217e-04
2.000000e-04 1.000000e-03 4.188124e-04 4.376847e-04
2.000000e-04 1.100000e-03 3.961838e-04 4.175760e-04
2.000000e-04 1.200000e-03 3.720112e-04 3.967508e-04
2.000000e-04 1.300000e-03 3.452007e-04 3.746453e-04
2.000000e-04 1.400000e-03 3.137744e-04 3.504418e-04
2.000000e-04 1.500000e-03 2.731311e-04 3.227651e-04
2.000000e-04 1.600000e-03 2.049008e-04 2.888127e-04
2.000000e-04 1.700000e-03 0.000000e+00 2.406190e-04
2.000000e-04 1.800000e-03 0.000000e+00 0.000000e+00
2.000000e-04 1.900000e-03 0.000000e+00 0.000000e+00
2.000000e-04 2.000000e-03 0.000000e+00 0.000000e+00
2.000000e-04 2.100000e-03 0.000000e+00 0.000000e+00
3.000000e-04 -2.000000e-03 7.290540e-04 6.934822e-04
3.000000e-04 -1.900000e-03 6.961383e-04 6.649354e-04
3.000000e-04 -1.800000e-03 6.650926e-04 6.372188e-04
3.000000e-04 -1.700000e-03 6.350326e-04 6.096540e-04
3.000000e-04 -1.600000e-03 6.050961e-04 5.814781e-04
3.000000e-04 -1.500000e-03 5.742956e-04 5.517004e-04
3.000000e-04 -1.400000e-03 5.412910e-04 5.188288e-04
3.000000e-04 -1.300000e-03 5.039152e-04 4.802220e-04
3.000000e-04 -1.200000e-03 4.578712e-04 4.300746e-04
3.000000e-04 -1.100000e-03 3.914862e-04 3.491357e-04
3.000000e-04 -1.000000e-03 2.154123e-04 0.000000e+00
3.000000e-04 -9.000000e-04 0.000000e+00 0.000000e+00
3.000000e-04 -8.000000e-04 0.000000e+00 0.000000e+00
3.000000e-04 -7.000000e-04 0.000000e+00 0.000000e+00
3.000000e-04 -6.000000e-04 0.000000e+00 0.000000e+00
3.000000e-04 -5.000000e-04 0.000000e+00 0.000000e+00
3.000000e-04 -4.000000e-04 0.000000e+00 0.000000e+00
3.000000e-04 -3.000000e-04 0.000000e+00 0.000000e+00
3.000000e-04 -2.000000e-04 8.761484e-04 8.886217e-04
3.000000e-04 -1.000000e-04 7.410143e-04 7.519822e-04
3.000000e-04 5.421011e-20 6.709290e-04 6.814804e-04
3.000000e-04 1.000000e-04 6.235673e-04 6.341549e-04
3.000000e-04 2.000000e-04 5.872021e-04 5.980983e-04
3.000000e-04 3.000000e-04 5.570248e-04 5.684329e-04
3.000000e-04 4.000000e-04 5.306133e-04 5.427114e-04
3.000000e-04 5.000000e-04 5.065654e-04 5.195305e-04
3.000000e-04 6.000000e-04 4.839709e-04 4.979975e-04
3.000000e-04 7.000000e-04 4.621698e-04 4.774882e-04
3.000000e-04 8.000000e-04 4.406205e-04 4.575217e-04
3.000000e-04 9.000000e-04 4.188124e-04 4.376847e-04
3.000000e-04 1.000000e-03 3.961838e-04 4.175760e-04
3.000000e-04 1.100000e-03 3.720112e-04 3.967508e-04
3.000000e-04 1.200000e-03 3.452007e-04 3.746453e-04
3.000000e-04 1.300000e-03 3.137744e-04 3.504418e-04
3.000000e-04 1.400000e-03 2.731311e-04 3.227651e-04
3.000000e-04 1.500000e-03 2.049008e-04 2.888127e-04
3.000000e-04 1.600000e-03 0.000000e+00 2.406190e-04
3.000000e-04 1.700000e-03 0.000000e+00 0.000000e+00
3.000000e-04 1.800000e-03 0.000000e+00 0.000000e+00
3.000000e-04 1.900000e-03 0.000000e+00 0.000000e+00
3.000000e-04 2.000000e-03 0.000000e+00 0.000000e+00
3.000000e-04 2.100000e-03 0.000000e+00 0.000000e+00
4.000000e-04 -2.000000e-03 6.961383e-04 6.649354e-04
4.000000e-04 -1.900000e-03 6.650926e-04 6.372188e-04
4.000000e-04 -1.800000e-03 6.350326e-04 6.096540e-04
4.000000e-04 -1.700000e-03 6.050961e-04 5.814781e-04
4.000000e-04 -1.600000e-03 5.742956e-04 5.517004e-04
4.000000e-04 -1.500000e-03 5.412910e-04 5.188288e-04
4.000000e-04 -1.400000e-03 5.039152e-04 4.802220e-04
4.000000e-04 -1.300000e-03 4.578712e-04 4.300746e-04
4.000000e-04 -1.200000e-03 3.914862e-04 3.491357e-04
4.000000e-04 -1.100000e-03 2.154123e-04 0.000000e+00
4.000000e-04 -1.000000e-03 0.000000e+00 0.000000e+00
4.000000e-04 -9.000000e-04 0.000000e+00 0.000000e+00
4.000000e-04 -8.000000e-04 0.000000e+00 0.000000e+00
4.000000e-04 -7.000000e-04 0.000000e+00 0.000000e+00
4.000000e-04 -6.000000e-04 0.000000e+00 0.000000e+00
4.000000e-04 -5.000000e-04 0.000000e+00 0.000000e+00
4.000000e-04 -4.000000e-04 0.000000e+00 0.000000e+00
4.000000e-04 -3.000000e-04 8.761484e-04 8.886217e-04
4.000000e-04 -2.000000e-04 7.410143e-04 7.519822e-04
4.000000e-04 -1.000000e-04 6.709290e-04 6.814804e-04
4.000000e-04 5.421011e-20 6.235673e-04 6.341549e-04
4.000000e-04 1.000000e-04 5.872021e-04 5.980983e-04
4.000000e-04 2.000000e-04 5.570248e-04 5.684329e-04
4.000000e-04 3.000000e-04 5.306133e-04 5.427114e-04
4.000000e-04 4.000000e-04 5.065654e-04 5.195305e-04
4.000000e-04 5.000000e-04 4.839709e-04 4.979975e-04
4.000000e-04 6.000000e-04 4.621698e-04 4.774882e-04
4.000000e-04 7.000000e-04 4.406205e-04 4.575217e-04
4.000000e-04 8.000000e-04 4.188124e-04 4.376847e-04
4.000000e-04 9.000000e-04 3.961838e-04 4.175760e-04
4.000000e-04 1.000000e-03 3.720112e-04 3.967508e-04
4.000000e-04 1.100000e-03 3.452007e-04 3.746453e-04
4.000000e-04 1.200000e-03 3.137744e-04 3.504418e-04
4.000000e-04 1.300000e-03 2.731311e-04 3.227651e-04
4.000000e-04 1.400000e-03 2.049008e-04 2.888127e-04
4.000000e-04 1.500000e-03 0.000000e+00 2.406190e-04
4.000000e-04 1.600000e-03 0.000000e+00 0.000000e+00
4.000000e-04 1.700000e-03 0.000000e+00 0.000000e+00
4.000000e-04 1.800000e-03 0.000000e+00 0.000000e+00
4.000000e-04 1.900000e-03 0.000000e+00 0.000000e+00
4.000000e-04 2.000000e-03 0.000000e+00 0.000000e+00
4.000000e-04 2.100000e-03 0.000000e+00 0.000000e+00
5.000000e-04 -2.000000e-03 6.650926e-04 6.372188e-04
5.000000e-04 -1.900000e-03 6.350326e-04 6.096540e-04
5.000000e-04 -1.800000e-03 6.050961e-04 5.814781e-04
5.000000e-04 -1.700000e-03 5.742956e-04 5.517004e-04
5.000000e-04 -1.600000e-03 5.412910e-04 5.188288e-04
5.000000e-04 -1.500000e-03 5.039152e-04 4.802220e-04
5.000000e-04 -1.400000e-03 4.578712e-04 4.300746e-04
5.000000e-04 -1.300000e-03 3.914862e-04 3.491357e-04
5.000000e-04 -1.200000e-03 2.154123e-04 0.000000e+00
5.000000e-04 -1.100000e-03 0.000000e+00 0.000000e+00
5.000000e-04 -1.000000e-03 0.000000e+00 0.000000e+00
5.000000e-04 -9.000000e-04 0.000000e+00 0.000000e+00
5.000000e-04 -8.000000e-04 0.000000e+00 0.000000e+00
5.000000e-04 -7.000000e-04 0.000000e+00 0.000000e+00
5.000000e-04 -6.000000e-04 0.000000e+00 0.000000e+00
5.000000e-04 -5.000000e-04 0.000000e+00 0.000000e+00
5.000000e-04 -4.000000e-04 8.761484e-04 8.886217e-04
5.000000e-04 -3.000000e-04 7.410143e-04 7.519822e-04
5.000000e-04 -2.000000e-04 6.709290e-04 6.814804e-04
5.000000e-04 -1.000000e-04 6.235673e-04 6.341549e-04
5.000000e-04 5.421011e-20 5.872021e-04 5.980983e-04
5.000000e-04 1.000000e-04 5.570248e-04 5.684329e-04
5.000000e-04 2.000000e-04 5.306133e-04 5.427114e-04
5.000000e-04 3.000000e-04 5.065654e-04 5.195305e-04
5.000000e-04 4.000000e-04 4.839709e-04 4.979975e-04
5.000000e-04 5.000000e-04 4.621698e-04 4.774882e-04
5.000000e-04 6.000000e-04 4.406205e-04 4.575217e-04
5.000000e-04 7.000000e-04 4.188124e-04 4.376847e-04
5.000000e-04 8.000000e-04 3.961838e-04 4.175760e-04
5.000000e-04 9.000000e-04 3.720112e-04 3.967508e-04
5.000000e-04 1.000000e-03 3.452007e-04 3.746453e-04
5.000000e-04 1.100000e-03 3.137744e-04 3.504418e-04
5.000000e-04 1.200000e-03 2.731311e-04 3.227651e-04
5.000000e-04 1.300000e-03 2.049008e-04 2.888127e-04
5.000000e-04 1.400000e-03 0.000000e+00 2.406190e-04
5.000000e-04 1.500000e-03 0.000000e+00 0.000000e+00
5.000000e-04 1.600000e-03 0.000000e+00 0.000000e+00
5.000000e-04 1.700000e-03 0.000000e+00 0.000000e+00
5.000000e-04 1.800000e-03 0.000000e+00 0.000000e+00
5.000000e-04 1.900000e-03 0.000000e+00 0.000000e+00
5.000000e-04 2.000000e-03 0.000000e+00 0.000000e+00
5.000000e-04 2.100000e-03 0.000000e+00 0.000000e+00
6.000000e-04 -2.000000e-03 6.350326e-04 6.096540e-04
6.000000e-04 -1.900000e-03 6.050961e-04 5.814781e-04
6.000000e-04 -1.800000e-03 5.742956e-04 5.517004e-04
6.000000e-04 -1.700000e-03 5.412910e-04 5.188288e-04
6.000000e-04 -1.600000e-03 5.039152e-04 4.802220e-04
6.000000e-04 -1.500000e-03 4.578712e-04 4.300746e-04
6.000000e-04 -1.400000e-03 3.914862e-04 3.491357e-04
6.000000e-04 -1.300000e-03 2.154123e-04 0.000000e+00
6.000000e-04 -1.200000e-03 0.000000e+00 0.000000e+00
6.000000e-04 -1.100000e-03 0.000000e+00 0.000000e+00
6.000000e-04 -1.000000e-03 0.000000e+00 0.000000e+00
6.000000e-04 -9.000000e-04 0.000000e+00 0.000000e+00
6.000000e-04 -8.000000e-04 0.000000e+00 0.000000e+00
6.000000e-04 -7.000000e-04 0.000000e+00 0.000000e+00
6.000000e-04 -6.000000e-04 0.000000e+00 0.000000e+00
6.000000e-04 -5.000000e-04 8.761484e-04 8.886217e-04
6.000000e-04 -4.000000e-04 7.410143e-04 7.519822e-04
6.000000e-04 -3.000000e-04 6.709290e-04 6.814804e-04
6.000000e-04 -2.000000e-04 6.235673e-04 6.341549e-04
6.000000e-04 -1.000000e-04 5.872021e-04 5.980983e-04
6.000000e-04 5.421011e-20 5.570248e-04 5.684329e-04
6.000000e-04 1.000000e-04 5.306133e-04 5.427114e-04
6.000000e-04 2.000000e-04 5.065654e-04 5.195305e-04
6.000000e-04 3.000000e-04 4.839709e-04 4.979975e-04
6.000000e-04 4.000000e-04 4.621698e-04 4.774882e-04
6.000000e-04 5.000000e-04 4.406205e-04 4.575217e-04
6.000000e-04 6.000000e-04 4.188124e-04 4.376847e-04
6.000000e-04 7.000000e-04 3.961838e-04 4.175760e-04
6.000000e-04 8.000000e-04 3.720112e-04 3.967508e-04
6.000000e-04 9.000000e-04 3.452007e-04 3.746453e-04
6.000000e-04 1.000000e-03 3.137744e-04 3.504418e-04
6.000000e-04 1.100000e-03 2.731311e-04 3.227651e-04
6.000000e-04 1.200000e-03 2.049008e-04 2.888127e-04
6.000000e-04 1.300000e-03 0.000000e+00 2.406190e-04
6.000000e-04 1.400000e-03 0.000000e+00 0.000000e+00
6.000000e-04 1.500000e-03 0.000000e+00 0.000000e+00
6.000000e-04 1.600000e-03 0.000000e+00 0.000000e+00
6.000000e-04 1.700000e-03 0.000000e+00 0.000000e+00
6.000000e-04 1.800000e-03 0.000000e+00 0.000000e+00
6.000000e-04 1.900000e-03 0.000000e+00 0.000000e+00
6.000000e-04 2.000000e-03 0.000000e+00 0.000000e+00
6.000000e-04 2.100000e-03 0.000000e+00 0.000000e+00
7.000000e-04 -2.000000e-03 6.050961e-04 5.814781e-04
7.000000e-04 -1.900000e-03 5.742956e-04 5.517004e-04
7.000000e-04 -1.800000e-03 5.412910e-04 5.188288e-04
7.000000e-04 -1.700000e-03 5.039152e-04 4.802220e-04
7.000000e-04 -1.600000e-03 4.578712e-04 4.300746e-04
7.000000e-04 -1.500000e-03 3.914862e-04 3.491357e-04
7.000000e-04 -1.400000e-03 2.154123e-04 0.000000e+00
7.000000e-04 -1.300000e-03 0.000000e+00 0.000000e+00
7.000000e-04 -1.200000e-03 0.000000e+00 0.000000e+00
7.000000e-04 -1.100000e-03 0.000000e+00 0.000000e+00
7.000000e-04 -1.000000e-03 0.000000e+00 0.000000e+00
7.000000e-04 -9.000000e-04 0.000000e+00 0.000000e+00
7.000000e-04 -8.000000e-04 0.000000e+00 0.000000e+00
7.000000e-04 -7.000000e-04 0.000000e+00 0.000000e+00
7.000000e-04 -6.000000e-04 8.761484e-04 8.886217e-04
7.000000e-04 -5.000000e-04 7.410143e-04 7.519822e-04
7.000000e-04 -4.000000e-04 6.709290e-04 6.814804e-04
7.000000e-04 -3.000000e-04 6.235673e-04 6.341549e-04
7.000000e-04 -2.000000e-04 5.872021e-04 5.980983e-04
7.000000e-04 -1.000000e-04 5.570248e-04 5.684329e-04
7.000000e-04 5.421011e-20 5.306133e-04 5.427114e-04
7.000000e-04 1.000000e-04 5.065654e-04 5.195305e-04
7.000000e-04 2.000000e-04 4.839709e-04 4.979975e-04
7.000000e-04 3.000000e-04 4.621698e-04 4.774882e-04
7.000000e-04 4.000000e-04 4.406205e-04 4.575217e-04
7.000000e-04 5.000000e-04 4.188124e-04 4.376847e-04
7.000000e-04 6.000000e-04 3.961838e-04 4.175760e-04
7.000000e-04 7.000000e-04 3.720112e-04 3.967508e-04
7.000000e-04 8.000000e-04 3.452007e-04 3.746453e-04
7.000000e-04 9.000000e-04 3.137744e-04 3.504418e-04
7.000000e-04 1.000000e-03 2.731311e-04 3.227651e-04
7.000000e-04 1.100000e-03 2.049008e-04 2.888127e-04
7.000000e-04 1.200000e-03 0.000000e+00 2.406190e-04
7.000000e-04 1.300000e-03 0.000000e+00 0.000000e+00
7.000000e-04 1.400000e-03 0.000000e+00 0.000000e+00
7.000000e-04 1.500000e-03 0.000000e+00 0.000000e+00
7.000000e-04 1.600000e-03 0.000000e+00 0.000000e+00
7.000000e-04 1.700000e-03 0.000000e+00 0.000000e+00
7.000000e-04 1.800000e-03 0.000000e+00 0.000000e+00
7.000000e-04 1.900000e-03 0.000000e+00 0.000000e+00
7.000000e-04 2.000000e-03 0.000000e+00 0.000000e+00
7.000000e-04 2.100000e-03 0.000000e+00 0.000000e+00
8.000000e-04 -2.000000e-03 5.742956e-04 5.517004e-04
8.000000e-04 -1.900000e-03 5.412910e-04 5.188288e-04
8.000000e-04 -1.800000e-03 5.039152e-04 4.802220e-04
8.000000e-04 -1.700000e-03 4.578712e-04 4.300746e-04
8.000000e-04 -1.600000e-03 3.914862e-04 3.491357e-04
8.000000e-04 -1.500000e-03 2.154123e-04 0.000000e+00
8.000000e-04 -1.400000e-03 0.000000e+00 0.000000e+00
8.000000e-04 -1.300000e-03 0.000000e+00 0.000000e+00
8.000000e-04 -1.200000e-03 0.000000e+00 0.000000e+00
8.000000e-04 -1.100000e-03 0.000000e+00 0.000000e+00
8.000000e-04 -1.000000e-03 0.000000e+00 0.000000e+00
8.000000e-04 -9.000000e-04 0.000000e+00 0.000000e+00
8.000000e-04 -8.000000e-04 0.000000e+00 0.000000e+00
8.000000e-04 -7.000000e-04 8.761484e-04 8.886217e-04
8.000000e-04 -6.000000e-04 7.410143e-04 7.519822e-04
8.000000e-04 -5.000000e-04 6.709290e-04 6.814804e-04
8.000000e-04 -4.000000e-04 6.235673e-04 6.341549e-04
8.000000e-04 -3.000000e-04 5.872021e-04 5.980983e-04
8.000000e-04 -2.000000e-04 5.570248e-04 5.684329e-04
8.000000e-04 -1.000000e-04 5.306133e-04 5.427114e-04
8.000000e-04 5.421011e-20 5.065654e-04 5.195305e-04
8.000000e-04 1.000000e-04 4.839709e-04 4.979975e-04
8.000000e-04 2.000000e-04 4.621698e-04 4.774882e-04
8.000000e-04 3.000000e-04 4.406205e-04 4.575217e-04
8.000000e-04 4.000000e-04 4.188124e-04 4.376847e-04
8.000000e-04 5.000000e-04 3.961838e-04 4.175760e-04
8.000000e-04 6.000000e-04 3.720112e-04 3.967508e-04
8.000000e-04 7.000000e-04 3.452007e-04 3.746453e-04
8.000000e-04 8.000000e-04 3.137744e-04 3.504418e-04
8.000000e-04 9.000000e-04 2.731311e-04 3.227651e-04
8.000000e-04 1.000000e-03 2.049008e-04 2.888127e-04
8.000000e-04 1.100000e-03 0.000000e+00 2.406190e-04
8.000000e-04 1.200000e-03 0.000000e+00 0.000000e+00
8.000000e-04 1.300000e-03 0.000000e+00 0.000000e+00
8.000000e-04 1.400000e-03 0.000000e+00 0.000000e+00
8.000000e-04 1.500000e-03 0.000000e+00 0.000000e+00
8.000000e-04 1.600000e-03 0.000000e+00 0.000000e+00
8.000000e-04 1.700000e-03 0.000000e+00 0.000000e+00
8.000000e-04 1.800000e-03 0.000000e+00 0.000000e+00
8.000000e-04 1.900000e-03 0.000000e+00 0.000000e+00
8.000000e-04 2.000000e-03 0.000000e+00 0.000000e+00
8.000000e-04 2.100000e-03 0.000000e+00 0.000000e+00
9.000000e-04 -2.000000e-03 5.412910e-04 5.188288e-04
9.000000e-04 -1.900000e-03 5.039152e-04 4.802220e-04
9.000000e-04 -1.800000e-03 4.578712e-04 4.300746e-04
9.000000e-04 -1.700000e-03 3.914862e-04 3.491357e-04
9.000000e-04 -1.600000e-03 2.154123e-04 0.000000e+00
9.000000e-04 -1.500000e-03 0.000000e+00 0.000000e+00
9.000000e-04 -1.400000e-03 0.000000e+00 0.000000e+00
9.000000e-04 -1.300000e-03 0.000000e+00 0.000000e+00
9.000000e-04 -1.200000e-03 0.000000e+00 0.000000e+00
9.000000e-04 -1.100000e-03 0.000000e+00 0.000000e+00
9.000000e-04 -1.000000e-03 0.000000e+00 0.000000e+00
9.000000e-04 -9.000000e-04 0.000000e+00 0.000000e+00
9.000000e-04 -8.000000e-04 8.761484e-04 8.886217e-04
9.000000e-04 -7.000000e-04 7.410143e-04 7.519822e-04
9.000000e-04 -6.000000e-04 6.709290e-04 6.814804e-04
9.000000e-04 -5.000000e-04 6.235673e-04 6.341549e-04
9.000000e-04 -4.000000e-04 5.872021e-04 5.980983e-04
9.000000e-04 -3.000000e-04 5.570248e-04 5.684329e-04
9.000000e-04 -2.000000e-04 5.306133e-04 5.427114e-04
9.000000e-04 -1.000000e-04 5.065654e-04 5.195305e-04
9.000000e-04 5.421011e-20 4.839709e-04 4.979975e-04
9.000000e-04 1.000000e-04 4.621698e-04 4.774882e-04
9.000000e-04 2.000000e-04 4.406205e-04 4.575217e-04
9.000000e-04 3.000000e-04 4.188124e-04 4.376847e-04
9.000000e-04 4.000000e-04 3.961838e-04 4.175760e-04
9.000000e-04 5.000000e-04 3.720112e-04 3.967508e-04
9.000000e-04 6.000000e-04 3.452007e-04 3.746453e-04
9.000000e-04 7.000000e-04 3.137744e-04 3.504418e-04
9.000000e-04 8.000000e-04 2.731311e-04 3.227651e-04
9.000000e-04 9.000000e-04 2.049008e-04 2.888127e-04
9.000000e-04 1.000000e-03 0.000000e+00 2.406190e-04
9.000000e-04 1.100000e-03 0.000000e+00 0.000000e+00
9.000000e-04 1.200000e-03 0.000000e+00 0.000000e+00
9.000000e-04 1.300000e-03 0.000000e+00 0.000000e+00
9.000000e-04 1.400000e-03 0.000000e+00 0.000000e+00
9.000000e-04 1.500000e-03 0.000000e+00 0.000000e+00
9.000000e-04 1.600000e-03 0.000000e+00 0.000000e+00
9.000000e-04 1.700000e-03 0.000000e+00 0.000000e+00
9.000000e-04 1.800000e-03 0.000000e+00 0.000000e+00
9.000000e-04 1.900000e-03 0.000000e+00 0.000000e+00
9.000000e-04 2.000000e-03 0.000000e+00 0.000000e+00
9.000000e-04 2.100000e-03 0.000000e+00 0.000000e+00
1.000000e-03 -2.000000e-03 5.039152e-04 4.802220e-04
1.000000e-03 -1.900000e-03 4.578712e-04 4.300746e-04
1.000000e-03 -1.800000e-03 3.914862e-04 3.491357e-04
1.000000e-03 -1.700000e-03 2.154123e-04 0.000000e+00
1.000000e-03 -1.600000e-03 0.000000e+00 0.000000e+00
1.000000e-03 -1.500000e-03 0.000000e+00 0.000000e+00
1.000000e-03 -1.400000e-03 0.000000e+00 0.000000e+00
1.000000e-03 -1.300000e-03 0.000000e+00 0.000000e+00
1.000000e-03 -1.200000e-03 0.000000e+00 0.000000e+00
1.000000e-03 -1.100000e-03 0.000000e+00 0.000000e+00
1.000000e-03 -1.000000e-03 0.000000e+00 0.000000e+00
1.000000e-03 -9.000000e-04 8.761484e-04 8.886217e-04
1.000000e-03 -8.000000e-04 7.410143e-04 7.519822e-04
1.000000e-03 -7.000000e-04 6.709290e-04 6.814804e-04
1.000000e-03 -6.000000e-04 6.235673e-04 6.341549e-04
1.000000e-03 -5.000000e-04 5.872021e-04 5.980983e-04
1.000000e-03 -4.000000e-04 5.570248e-04 5.684329e-04
1.000000e-03 -3.000000e-04 5.306133e-04 5.427114e-04
1.000000e-03 -2.000000e-04 5.065654e-04 5.195305e-04
1.000000e-03 -1.000000e-04 4.839709e-04 4.979975e-04
1.000000e-03 5.421011e-20 4.621698e-04 4.774882e-04
1.000000e-03 1.000000e-04 4.406205e-04 4.575217e-04
1.000000e-03 2.000000e-04 4.188124e-04 4.376847e-04
1.000000e-03 3.000000e-04 3.961838e-04 4.175760e-04
1.000000e-03 4.000000e-04 3.720112e-04 3.967508e-04
1.000000e-03 5.000000e-04 3.452007e-04 3.746453e-04
1.000000e-03 6.000000e-04 3.137744e-04 3.504418e-04
1.000000e-03 7.000000e-04 2.731311e-04 3.227651e-04
1.000000e-03 8.000000e-04 2.049008e-04 2.888127e-04
1.000000e-03 9.000000e-04 0.000000e+00 2.406190e-04
1.000000e-03 1.000000e-03 0.000000e+00 0.000000e+00
1.000000e-03 1.100000e-03 0.000000e+00 0.000000e+00
1.000000e-03 1.200000e-03 0.000000e+00 0.000000e+00
1.000000e-03 1.300000e-03 0.000000e+00 0.000000e+00
1.000000e-03 1.400000e-03 0.000000e+00 0.000000e+00
1.000000e-03 1.500000e-03 0.000000e+00 0.000000e+00
1.000000e-03 1.600000e-03 0.000000e+00 0.000000e+00
1.000000e-03 1.700000e-03 0.000000e+00 0.000000e+00
1.000000e-03 1.800000e-03 0.000000e+00 0.000000e+00
1.000000e-03 1.900000e-03 0.000000e+00 0.000000e+00
1.000000e-03 2.000000e-03 0.000000e+00 0.000000e+00
1.000000e-03 2.100000e-03 0.000000e+00 0.000000e+00
1.100000e-03 -2.000000e-03 4.578712e-04 4.300746e-04
1.100000e-03 -1.900000e-03 3.914862e-04 3.491357e-04
1.100000e-03 -1.800000e-03 2.154123e-04 0.000000e+00
1.100000e-03 -1.700000e-03 0.000000e+00 0.000000e+00
1.100000e-03 -1.600000e-03 0.000000e+00 0.000000e+00
1.100000e-03 -1.500000e-03 0.000000e+00 0.000000e+00
1.100000e-03 -1.400000e-03 0.000000e+00 0.000000e+00
1.100000e-03 -1.300000e-03 0.000000e+00 0.000000e+00
1.100000e-03 -1.200000e-03 0.000000e+00 0.000000e+00
1.100000e-03 -1.100000e-03 0.000000e+00 0.000000e+00
1.100000e-03 -1.000000e-03 8.761484e-04 8.886217e-04
1.100000e-03 -9.000000e-04 7.410143e-04 7.519822e-04
1.100000e-03 -8.000000e-04 6.709290e-04 6.814804e-04
1.100000e-03 -7.000000e-04 6.235673e-04 6.341549e-04
1.100000e-03 -6.000000e-04 5.872021e-04 5.980983e-04
1.100000e-03 -5.000000e-04 5.570248e-04 5.684329e-04
1.100000e-03 -4.000000e-04 5.306133e-04 5.427114e-04
1.100000e-03 -3.000000e-04 5.065654e-04 5.195305e-04
1.100000e-03 -2.000000e-04 4.839709e-04 4.979975e-04
1.100000e-03 -1.000000e-04 4.621698e-04 4.774882e-04
1.100000e-03 5.421011e-20 4.406205e-04 4.575217e-04
1.100000e-03 1.000000e-04 4.188124e-04 4.376847e-04
1.100000e-03 2.000000e-04 3.961838e-04 4.175760e-04
1.100000e-03 3.000000e-04 3.720112e-04 3.967508e-04
1.100000e-03 4.000000e-04 3.452007e-04 3.746453e-04
1.100000e-03 5.000000e-04 3.137744e-04 3.504418e-04
1.100000e-03 6.000000e-04 2.731311e-04 3.227651e-04
1.100000e-03 7.000000e-04 2.049008e-04 2.888127e-04
1.100000e-03 8.000000e-04 0.000000e+00 2.406190e-04
1.100000e-03 9.000000e-04 0.000000e+00 0.000000e+00
1.100000e-03 1.000000e-03 0.000000e+00 0.000000e+00
1.100000e-03 1.100000e-03 0.000000e+00 0.000000e+00
1.100000e-03 1.200000e-03 0.000000e+00 0.000000e+00
1.100000e-03 1.300000e-03 0.000000e+00 0.000000e+00
1.100000e-03 1.400000e-03 0.000000e+00 0.000000e+00
1.100000e-03 1.500000e-03 0.000000e+00 0.000000e+00
1.100000e-03 1.600000e-03 0.000000e+00 0.000000e+00
1.100000e-03 1.700000e-03 0.000000e+00 0.000000e+00
1.100000e-03 1.800000e-03 0.000000e+00 0.000000e+00
1.100000e-03 1.900000e-03 0.000000e+00 0.000000e+00
1.100000e-03 2.000000e-03 0.000000e+00 0.000000e+00
1.100000e-03 2.100000e-03 0.000000e+00 0.000000e+00
1.200000e-03 -2.000000e-03 3.914862e-04 3.491357e-04
1.200000e-03 -1.900000e-03 2.154123e-04 0.000000e+00
1.200000e-03 -1.800000e-03 0.000000e+00 0.000000e+00
1.200000e-03 -1.700000e-03 0.000000e+00 0.000000e+00
1.200000e-03 -1.600000e-03 0.000000e+00 0.000000e+00
1.200000e-03 -1.500000e-03 0.000000e+00 0.000000e+00
1.200000e-03 -1.400000e-03 0.000000e+00 0.000000e+00
1.200000e-03 -1.300000e-03 0.000000e+00 0.000000e+00
1.200000e-03 -1.200000e-03 0.000000e+00 0.000000e+00
1.200000e-03 -1.100000e-03 8.761484e-04 8.886217e-04
1.200000e-03 -1.000000e-03 7.410143e-04 7.519822e-04
1.200000e-03 -9.000000e-04 6.709290e-04 6.814804e-04
1.200000e-03 -8.000000e-04 6.235673e-04 6.341549e-04
1.200000e-03 -7.000000e-04 5.872021e-04 5.980983e-04
1.200000e-03 -6.000000e-04 5.570248e-04 5.684329e-04
1.200000e-03 -5.000000e-04 5.306133e-04 5.427114e-04
1.200000e-03 -4.000000e-04 5.065654e-04 5.195305e-04
1.200000e-03 -3.000000e-04 4.839709e-04 4.979975e-04
1.200000e-03 -2.000000e-04 4.621698e-04 4.774882e-04
1.200000e-03 -1.000000e-04 4.406205e-04 4.575217e-04
1.200000e-03 5.421011e-20 4.188124e-04 4.376847e-04
1.200000e-03 1.000000e-04 3.961838e-04 4.175760e-04
1.200000e-03 2.000000e-04 3.720112e-04 3.967508e-04
1.200000e-03 3.000000e-04 3.452007e-04 3.746453e-04
1.200000e-03 4.000000e-04 3.137744e-04 3.504418e-04
1.200000e-03 5.000000e-04 2.731311e-04 3.227651e-04
1.200000e-03 6.000000e-04 2.049008e-04 2.888127e-04
1.200000e-03 7.000000e-04 0.000000e+00 2.406190e-04
1.200000e-03 8.000000e-04 0.000000e+00 0.000000e+00
1.200000e-03 9.000000e-04 0.000000e+00 0.000000e+00
1.200000e-03 1.000000e-03 0.000000e+00 0.000000e+00
1.200000e-03 1.100000e-03 0.000000e+00 0.000000e+00
1.200000e-03 1.200000e-03 0.000000e+00 0.000000e+00
1.200000e-03 1.300000e-03 0.000000e+00 0.000000e+00
1.200000e-03 1.400000e-03 0.000000e+00 0.000000e+00
1.200000e-03 1.500000e-03 0.000000e+00 0.000000e+00
1.200000e-03 1.600000e-03 0.000000e+00 0.000000e+00
1.200000e-03 1.700000e-03 0.000000e+00 0.000000e+00
1.200000e-03 1.800000e-03 0.000000e+00 0.000000e+00
1.200000e-03 1.900000e-03 0.000000e+00 0.000000e+00
1.200000e-03 2.000000e-03 0.000000e+00 0.000000e+00
1.200000e-03 2.100000e-03 0.000000e+00 0.000000e+00
1.300000e-03 -2.000000e-03 2.154123e-04 0.000000e+00
1.300000e-03 -1.900000e-03 0.000000e+00 0.000000e+00
1.300000e-03 -1.800000e-03 0.000000e+00 0.000000e+00
1.300000e-03 -1.700000e-03 0.000000e+00 0.000000e+00
1.300000e-03 -1.600000e-03 0.000000e+00 0.000000e+00
1.300000e-03 -1.500000e-03 0.000000e+00 0.000000e+00
1.300000e-03 -1.400000e-03 0.000000e+00 0.000000e+00
1.300000e-03 -1.300000e-03 0.000000e+00 0.000000e+00
1.300000e-03 -1.200000e-03 8.761484e-04 8.886217e-04
1.300000e-03 -1.100000e-03 7.410143e-04 7.519822e-04
1.300000e-03 -1.000000e-03 6.709290e-04 6.814804e-04
1.300000e-03 -9.000000e-04 6.235673e-04 6.341549e-04
1.300000e-03 -8.000000e-04 5.872021e-04 5.980983e-04
1.300000e-03 -7.000000e-04 5.570248e-04 5.684329e-04
1.300000e-03 -6.000000e-04 5.306133e-04 5.427114e-04
1.300000e-03 -5.000000e-04 5.065654e-04 5.195305e-04
1.300000e-03 -4.000000e-04 4.839709e-04 4.979975e-04
1.300000e-03 -3.000000e-04 4.621698e-04 4.774882e-04
1.300000e-03 -2.000000e-04 4.406205e-04 4.575217e-04
1.300000e-03 -1.000000e-04 4.188124e-04 4.376847e-04
1.300000e-03 5.421011e-20 3.961838e-04 4.175760e-04
1.300000e-03 1.000000e-04 3.720112e-04 3.967508e-04
1.300000e-03 2.000000e-04 3.452007e-04 3.746453e-04
1.300000e-03 3.000000e-04 3.137744e-04 3.504418e-04
1.300000e-03 4.000000e-04 2.731311e-04 3.227651e-04
1.300000e-03 5.000000e-04 2.049008e-04 2.888127e-04
1.300000e-03 6.000000e-04 0.000000e+00 2.406190e-04
1.300000e-03 7.000000e-04 0.000000e+00 0.000000e+00
1.300000e-03 8.000000e-04 0.000000e+00 0.000000e+00
1.300000e-03 9.000000e-04 0.000000e+00 0.000000e+00
1.300000e-03 1.000000e-03 0.000000e+00 0.000000e+00
1.300000e-03 1.100000e-03 0.000000e+00 0.000000e+00
1.300000e-03 1.200000e-03 0.000000e+00 0.000000e+00
1.300000e-03 1.300000e-03 0.000000e+00 0.000000e+00
1.300000e-03 1.400000e-03 0.000000e+00 0.000000e+00
1.300000e-03 1.500000e-03 0.000000e+00 0.000000e+00
1.300000e-03 1.600000e-03 0.000000e+00 0.000000e+00
1.300000e-03 1.700000e-03 0.000000e+00 0.000000e+00
1.300000e-03 1.800000e-03 0.000000e+00 0.000000e+00
1.300000e-03 1.900000e-03 0.000000e+00 0.000000e+00
1.300000e-03 2.000000e-03 0.000000e+00 0.000000e+00
1.300000e-03 2.100000e-03 0.000000e+00 0.000000e+00
1.400000e-03 -2.000000e-03 0.000000e+00 0.000000e+00
1.400000e-03 -1.900000e-03 0.000000e+00 0.000000e+00
1.400000e-03 -1.800000e-03 0.000000e+00 0.000000e+00
1.400000e-03 -1.700000e-03 0.000000e+00 0.000000e+00
1.400000e-03 -1.600000e-03 0.000000e+00 0.000000e+00
1.400000e-03 -1.500000e-03 0.000000e+00 0.000000e+00
1.400000e-03 -1.400000e-03 0.000000e+00 0.000000e+00
1.400000e-03 -1.300000e-03 8.761484e-04 8.886217e-04
1.400000e-03 -1.200000e-03 7.410143e-04 7.519822e-04
1.400000e-03 -1.100000e-03 6.709290e-04 6.814804e-04
1.400000e-03 -1.000000e-03 6.235673e-04 6.341549e-04
1.400000e-03 -9.000000e-04 5.872021e-04 5.980983e-04
1.400000e-03 -8.000000e-04 5.570248e-04 5.684329e-04
1.400000e-03 -7.000000e-04 5.306133e-04 5.427114e-04
1.400000e-03 -6.000000e-04 5.065654e-04 5.195305e-04
1.400000e-03 -5.000000e-04 4.839709e-04 4.979975e-04
1.400000e-03 -4.000000e-04 4.621698e-04 4.774882e-04
1.400000e-03 -3.000000e-04 4.406205e-04 4.575217e-04
1.400000e-03 -2.000000e-04 4.188124e-04 4.376847e-04
1.400000e-03 -1.000000e-04 3.961838e-04 4.175760e-04
1.400000e-03 5.421011e-20 3.720112e-04 3.967508e-04
1.400000e-03 1.000000e-04 3.452007e-04 3.746453e-04
1.400000e-03 2.000000e-04 3.137744e-04 3.504418e-04
1.400000e-03 3.000000e-04 2.731311e-04 3.227651e-04
1.400000e-03 4.000000e-04 2.049008e-04 2.888127e-04
1.400000e-03 5.000000e-04 0.000000e+00 2.406190e-04
1.400000e-03 6.000000e-04 0.000000e+00 0.000000e+00
1.400000e-03 7.000000e-04 0.000000e+00 0.000000e+00
1.400000e-03 8.000000e-04 0.000000e+00 0.000000e+00
1.400000e-03 9.000000e-04 0.000000e+00 0.000000e+00
1.400000e-03 1.000000e-03 0.000000e+00 0.000000e+00
1.400000e-03 1.100000e-03 0.000000e+00 0.000000e+00
1.400000e-03 1.200000e-03 0.000000e+00 0.000000e+00
1.400000e-03 1.300000e-03 0.000000e+00 0.000000e+00
1.400000e-03 1.400000e-03 0.000000e+00 0.000000e+00
1.400000e-03 1.500000e-03 0.000000e+00 0.000000e+00
1.400000e-03 1.600000e-03 0.000000e+00 0.000000e+00
1.400000e-03 1.700000e-03 0.000000e+00 0.000000e+00
1.400000e-03 1.800000e-03 0.000000e+00 0.000000e+00
1.400000e-03 1.900000e-03 0.000000e+00 0.000000e+00
1.400000e-03 2.000000e-03 0.000000e+00 0.000000e+00
1.400000e-03 2.100000e-03 0.000000e+00 0.000000e+00
1.500000e-03 -2.000000e-03 0.000000e+00 0.000000e+00
1.500000e-03 -1.900000e-03 0.000000e+00 0.000000e+00
1.500000e-03 -1.800000e-03 0.000000e+00 0.000000e+00
1.500000e-03 -1.700000e-03 0.000000e+00 0.000000e+00
1.500000e-03 -1.600000e-03 0.000000e+00 0.000000e+00
1.500000e-03 -1.500000e-03 0.000000e+00 0.000000e+00
1.500000e-03 -1.400000e-03 8.761484e-04 8.886217e-04
1.500000e-03 -1.300000e-03 7.410143e-04 7.519822e-04
1.500000e-03 -1.200000e-03 6.709290e-04 6.814804e-04
1.500000e-03 -1.100000e-03 6.235673e-04 6.341549e-04
1.500000e-03 -1.000000e-03 5.872021e-04 5.980983e-04
1.500000e-03 -9.000000e-04 5.570248e-04 5.684329e-04
1.500000e-03 -8.000000e-04 5.306133e-04 5.427114e-04
1.500000e-03 -7.000000e-04 5.065654e-04 5.195305e-04
1.500000e-03 -6.000000e-04 4.839709e-04 4.979975e-04
1.500000e-03 -5.000000e-04 4.621698e-04 4.774882e-04
1.500000e-03 -4.000000e-04 4.406205e-04 4.575217e-04
1.500000e-03 -3.000000e-04 4.188124e-04 4.376847e-04
1.500000e-03 -2.000000e-04 3.961838e-04 4.175760e-04
1.500000e-03 -1.000000e-04 3.720112e-04 3.967508e-04
1.500000e-03 5.421011e-20 3.452007e-04 3.746453e-04
1.500000e-03 1.000000e-04 3.137744e-04 3.504418e-04
1.500000e-03 2.000000e-04 2.731311e-04 3.227651e-04
1.500000e-03 3.000000e-04 2.049008e-04 2.888127e-04
1.500000e-03 4.000000e-04 0.000000e+00 2.406190e-04
1.500000e-03 5.000000e-04 0.000000e+00 0.000000e+00
1.500000e-03 6.000000e-04 0.000000e+00 0.000000e+00
1.500000e-03 7.000000e-04 0.000000e+00 0.000000e+00
1.500000e-03 8.000000e-04 0.000000e+00 0.000000e+00
1.500000e-03 9.000000e-04 0.000000e+00 0.000000e+00
1.500000e-03 1.000000e-03 0.000000e+00 0.000000e+00
1.500000e-03 1.100000e-03 0.000000e+00 0.000000e+00
1.500000e-03 1.200000e-03 0.000000e+00 0.000000e+00
1.500000e-03 1.300000e-03 0.000000e+00 0.000000e+00
1.500000e-03 1.400000e-03 0.000000e+00 0.000000e+00
1.500000e-03 1.500000e-03 0.000000e+00 0.000000e+00
1.500000e-03 1.600000e-03 0.000000e+00 0.000000e+00
1.500000e-03 1.700000e-03 0.000000e+00 0.000000e+00
1.500000e-03 1.800000e-03 0.000000e+00 0.000000e+00
1.500000e-03 1.900000e-03 0.000000e+00 0.000000e+00
1.500000e-03 2.000000e-03 0.000000e+00 0.000000e+00
1.500000e-03 2.100000e-03 0.000000e+00 0.000000e+00
1.600000e-03 -2.000000e-03 0.000000e+00 0.000000e+00
1.600000e-03 -1.900000e-03 0.000000e+00 0.000000e+00
1.600000e-03 -1.800000e-03 0.000000e+00 0.000000e+00
1.600000e-03 -1.700000e-03 0.000000e+00 0.000000e+00
1.600000e-03 -1.600000e-03 0.000000e+00 0.000000e+00
1.600000e-03 -1.500000e-03 8.761484e-04 8.886217e-04
1.600000e-03 -1.400000e-03 7.410143e-04 7.519822e-04
1.600000e-03 -1.300000e-03 6.709290e-04 6.814804e-04
1.600000e-03 -1.200000e-03 6.235673e-04 6.341549e-04
1.600000e-03 -1.100000e-03 5.872021e-04 5.980983e-04
1.600000e-03 -1.000000e-03 5.570248e-04 5.684329e-04
1.600000e-03 -9.000000e-04 5.306133e-04 5.427114e-04
1.600000e-03 -8.000000e-04 5.065654e-04 5.195305e-04
1.600000e-03 -7.000000e-04 4.839709e-04 4.979975e-04
1.600000e-03 -6.000000e-04 4.621698e-04 4.774882e-04
1.600000e-03 -5.000000e-04 4.406205e-04 4.575217e-04
1.600000e-03 -4.000000e-04 4.188124e-04 4.376847e-04
1.600000e-03 -3.000000e-04 3.961838e-04 4.175760e-04
1.600000e-03 -2.000000e-04 3.720112e-04 3.967508e-04
1.600000e-03 -1.000000e-04 3.452007e-04 3.746453e-04
1.600000e-03 5.421011e-20 3.137744e-04 3.504418e-04
1.600000e-03 1.000000e-04 2.731311e-04 3.227651e-04
1.600000e-03 2.000000e-04 2.049008e-04 2.888127e-04
1.600000e-03 3.000000e-04 0.000000e+00 2.406190e-04
1.600000e-03 4.000000e-04 0.000000e+00 0.000000e+00
1.600000e-03 5.000000e-04 0.000000e+00 0.000000e+00
1.600000e-03 6.000000e-04 0.000000e+00 0.000000e+00
1.600000e-03 7.000000e-04 0.000000e+00 0.000000e+00
1.600000e-03 8.000000e-04 0.000000e+00 0.000000e+00
1.600000e-03 9.000000e-04 0.000000e+00 0.000000e+00
1.600000e-03 1.000000e-03 0.000000e+00 0.000000e+00
1.600000e-03 1.100000e-03 0.000000e+00 0.000000e+00
1.600000e-03 1.200000e-03 0.000000e+00 0.000000e+00
1.600000e-03 1.300000e-03 0.000000e+00 0.000000e+00
1.600000e-03 1.400000e-03 0.000000e+00 0.000000e+00
1.600000e-03 1.500000e-03 0.000000e+00 0.000000e+00
1.600000e-03 1.600000e-03 0.000000e+00 0.000000e+00
1.600000e-03 1.700000e-03 0.000000e+00 0.000000e+00
1.600000e-03 1.800000e-03 0.000000e+00 0.000000e+00
1.600000e-03 1.900000e-03 0.000000e+00 0.000000e+00
1.600000e-03 2.000000e-03 0.000000e+00 0.000000e+00
1.600000e-03 2.100000e-03 0.000000e+00 0.000000e+00
1.700000e-03 -2.000000e-03 0.000000e+00 0.000000e+00
1.700000e-03 -1.900000e-03 0.000000e+00 0.000000e+00
1.700000e-03 -1.800000e-03 0.000000e+00 0.000000e+00
1.700000e-03 -1.700000e-03 0.000000e+00 0.000000e+00
1.700000e-03 -1.600000e-03 8.761484e-04 8.886217e-04
1.700000e-03 -1.500000e-03 7.410143e-04 7.519822e-04
1.700000e-03 -1.400000e-03 6.709290e-04 6.814804e-04
1.700000e-03 -1.300000e-03 6.235673e-04 6.341549e-04
1.700000e-03 -1.200000e-03 5.872021e-04 5.980983e-04
1.700000e-03 -1.100000e-03 5.570248e-04 5.684329e-04
1.700000e-03 -1.000000e-03 5.306133e-04 5.427114e-04
1.700000e-03 -9.000000e-04 5.065654e-04 5.195305e-04
1.700000e-03 -8.000000e-04 4.839709e-04 4.979975e-04
1.700000e-03 -7.000000e-04 4.621698e-04 4.774882e-04
1.700000e-03 -6.000000e-04 4.406205e-04 4.575217e-04
1.700000e-03 -5.000000e-04 4.188124e-04 4.376847e-04
1.700000e-03 -4.000000e-04 3.961838e-04 4.175760e-04
1.700000e-03 -3.000000e-04 3.720112e-04 3.967508e-04
1.700000e-03 -2.000000e-04 3.452007e-04 3.746453e-04
1.700000e-03 -1.000000e-04 3.137744e-04 3.504418e-04
1.700000e-03 5.421011e-20 2.731311e-04 3.227651e-04
1.700000e-03 1.000000e-04 2.049008e-04 2.888127e-04
1.700000e-03 2.000000e-04 0.000000e+00 2.406190e-04
1.700000e-03 3.000000e-04 0.000000e+00 0.000000e+00
1.700000e-03 4.000000e-04 0.000000e+00 0.000000e+00
1.700000e-03 5.000000e-04 0.000000e+00 0.000000e+00
1.700000e-03 6.000000e-04 0.000000e+00 0.000000e+00
1.700000e-03 7.000000e-04 0.000000e+00 0.000000e+00
1.700000e-03 8.000000e-04 0.000000e+00 0.000000e+00
1.700000e-03 9.000000e-04 0.000000e+00 0.000000e+00
1.700000e-03 1.000000e-03 0.000000e+00 0.000000e+00
1.700000e-03 1.100000e-03 0.000000e+00 0.000000e+00
1.700000e-03 1.200000e-03 0.000000e+00 0.000000e+00
1.700000e-03 1.300000e-03 0.000000e+00 0.000000e+00
1.700000e-03 1.400000e-03 0.000000e+00 0.000000e+00
1.700000e-03 1.500000e-03 0.000000e+00 0.000000e+00
1.700000e-03 1.600000e-03 0.000000e+00 0.000000e+00
1.700000e-03 1.700000e-03 0.000000e+00 0.000000e+00
1.700000e-03 1.800000e-03 0.000000e+00 0.000000e+00
1.700000e-03 1.900000e-03 0.000000e+00 0.000000e+00
1.700000e-03 2.000000e-03 0.000000e+00 0.000000e+00
1.700000e-03 2.100000e-03 0.000000e+00 0.000000e+00
1.800000e-03 -2.000000e-03 0.000000e+00 0.000000e+00
1.800000e-03 -1.900000e-03 0.000000e+00 0.000000e+00
1.800000e-03 -1.800000e-03 0.000000e+00 0.000000e+00
1.800000e-03 -1.700000e-03 8.761484e-04 8.886217e-04
1.800000e-03 -1.600000e-03 7.410143e-04 7.519822e-04
1.800000e-03 -1.500000e-03 6.709290e-04 6.814804e-04
1.800000e-03 -1.400000e-03 6.235673e-04 6.341549e-04
1.800000e-03 -1.300000e-03 5.872021e-04 5.980983e-04
1.800000e-03 -1.200000e-03 5.570248e-04 5.684329e-04
1.800000e-03 -1.100000e-03 5.306133e-04 5.427114e-04
1.800000e-03 -1.000000e-03 5.065654e-04 5.195305e-04
1.800000e-03 -9.000000e-04 4.839709e-04 4.979975e-04
1.800000e-03 -8.000000e-04 4.621698e-04 4.774882e-04
1.800000e-03 -7.000000e-04 4.406205e-04 4.575217e-04
1.800000e-03 -6.000000e-04 4.188124e-04 4.376847e-04
1.800000e-03 -5.000000e-04 3.961838e-04 4.175760e-04
1.800000e-03 -4.000000e-04 3.720112e-04 3.967508e-04
1.800000e-03 -3.000000e-04 3.452007e-04 3.746453e-04
1.800000e-03 -2.000000e-04 3.137744e-04 3.504418e-04
1.800000e-03 -1.000000e-04 2.731311e-04 3.227651e-04
1.800000e-03 5.421011e-20 2.049008e-04 2.888127e-04
1.800000e-03 1.000000e-04 0.000000e+00 2.406190e-04
1.800000e-03 2.000000e-04 0.000000e+00 0.000000e+00
1.800000e-03 3.000000e-04 0.000000e+00 0.000000e+00
1.800000e-03 4.000000e-04 0.000000e+00 0.000000e+00
1.800000e-03 5.000000e-04 0.000000e+00 0.000000e+00
1.800000e-03 6.000000e-04 0.000000e+00 0.000000e+00
1.800000e-03 7.000000e-04 0.000000e+00 0.000000e+00
1.800000e-03 8.000000e-04 0.000000e+00 0.000000e+00
1.800000e-03 9.000000e-04 0.000000e+00 0.000000e+00
1.800000e-03 1.000000e-03 0.000000e+00 0.000000e+00
1.800000e-03 1.100000e-03 0.000000e+00 0.000000e+00
1.800000e-03 1.200000e-03 0.000000e+00 0.000000e+00
1.800000e-03 1.300000e-03 0.000000e+00 0.000000e+00
1.800000e-03 1.400000e-03 0.000000e+00 0.000000e+00
1.800000e-03 1.500000e-03 0.000000e+00 0.000000e+00
1.800000e-03 1.600000e-03 0.000000e+00 0.000000e+00
1.800000e-03 1.700000e-03 0.000000e+00 0.000000e+00
1.800000e-03 1.800000e-03 0.000000e+00 0.000000e+00
1.800000e-03 1.900000e-03 0.000000e+00 0.000000e+00
1.800000e-03 2.000000e-03 0.000000e+00 0.000000e+00
1.800000e-03 2.100000e-03 0.000000e+00 0.000000e+00
1.900000e-03 -2.000000e-03 0.000000e+00 0.000000e+00
1.900000e-03 -1.900000e-03 0.000000e+00 0.000000e+00
1.900000e-03 -1.800000e-03 8.761484e-04 8.886217e-04
1.900000e-03 -1.700000e-03 7.410143e-04 7.519822e-04
1.900000e-03 -1.600000e-03 6.709290e-04 6.814804e-04
1.900000e-03 -1.500000e-03 6.235673e-04 6.341549e-04
1.900000e-03 -1.400000e-03 5.872021e-04 5.980983e-04
1.900000e-03 -1.300000e-03 5.570248e-04 5.684329e-04
1.900000e-03 -1.200000e-03 5.306133e-04 5.427114e-04
1.900000e-03 -1.100000e-03 5.065654e-04 5.195305e-04
1.900000e-03 -1.000000e-03 4.839709e-04 4.979975e-04
1.900000e-03 -9.000000e-04 4.621698e-04 4.774882e-04
1.900000e-03 -8.000000e-04 4.406205e-04 4.575217e-04
1.900000e-03 -7.000000e-04 4.188124e-04 4.376847e-04
1.900000e-03 -6.000000e-04 3.961838e-04 4.175760e-04
1.900000e-03 -5.000000e-04 3.720112e-04 3.967508e-04
1.900000e-03 -4.000000e-04 3.452007e-04 3.746453e-04
1.900000e-03 -3.000000e-04 3.137744e-04 3.504418e-04
1.900000e-03 -2.000000e-04 2.731311e-04 3.227651e-04
1.900000e-03 -1.000000e-04 2.049008e-04 2.888127e-04
1.900000e-03 5.421011e-20 0.000000e+00 2.406190e-04
1.900000e-03 1.000000e-04 0.000000e+00 0.000000e+00
1.900000e-03 2.000000e-04 0.000000e+00 0.000000e+00
1.900000e-03 3.000000e-04 0.000000e+00 0.000000e+00
1.900000e-03 4.000000e-04 0.000000e+00 0.000000e+00
1.900000e-03 5.000000e-04 0.000000e+00 0.000000e+00
1.900000e-03 6.000000e-04 0.000000e+00 0.000000e+00
1.900000e-03 7.000000e-04 0.000000e+00 0.000000e+00
1.900000e-03 8.000000e-04 0.000000e+00 0.000000e+00
1.900000e-03 9.000000e-04 0.000000e+00 0.000000e+00
1.900000e-03 1.000000e-03 0.000000e+00 0.000000e+00
1.900000e-03 1.100000e-03 0.000000e+00 0.000000e+00
1.900000e-03 1.200000e-03 0.000000e+00 0.000000e+00
1.900000e-03 1.300000e-03 0.000000e+00 0.000000e+00
1.900000e-03 1.400000e-03 0.000000e+00 0.000000e+00
1.900000e-03 1.500000e-03 0.000000e+00 0.000000e+00
1.900000e-03 1.600000e-03 0.000000e+00 0.000000e+00
1.900000e-03 1.700000e-03 0.000000e+00 0.000000e+00
1.900000e-03 1.800000e-03 0.000000e+00 0.000000e+00
1.900000e-03 1.900000e-03 0.000000e+00 0.000000e+00
1.900000e-03 2.000000e-03 0.000000e+00 0.000000e+00
1.900000e-03 2.100000e-03 0.000000e+00 0.000000e+00
2.000000e-03 -2.000000e-03 0.000000e+00 0.000000e+00
2.000000e-03 -1.900000e-03 8.761484e-04 8.886217e-04
2.000000e-03 -1.800000e-03 7.410143e-04 7.519822e-04
2.000000e-03 -1.700000e-03 6.709290e-04 6.814804e-04
2.000000e-03 -1.600000e-03 6.235673e-04 6.341549e-04
2.000000e-03 -1.500000e-03 5.872021e-04 5.980983e-04
2.000000e-03 -1.400000e-03 5.570248e-04 5.684329e-04
2.000000e-03 -1.300000e-03 5.306133e-04 5.427114e-04
2.000000e-03 -1.200000e-03 5.065654e-04 5.195305e-04
2.000000e-03 -1.100000e-03 4.839709e-04 4.979975e-04
2.000000e-03 -1.000000e-03 4.621698e-04 4.774882e-04
2.000000e-03 -9.000000e-04 4.406205e-04 4.575217e-04
2.000000e-03 -8.000000e-04 4.188124e-04 4.376847e-04
2.000000e-03 -7.000000e-04 3.961838e-04 4.175760e-04
2.000000e-03 -6.000000e-04 3.720112e-04 3.967508e-04
2.000000e-03 -5.000000e-04 3.452007e-04 3.746453e-04
2.000000e-03 -4.000000e-04 3.137744e-04 3.504418e-04
2.000000e-03 -3.000000e-04 2.731311e-04 3.227651e-04
2.000000e-03 -2.000000e-04 2.049008e-04 2.888127e-04
2.000000e-03 -1.000000e-04 0.000000e+00 2.406190e-04
2.000000e-03 5.421011e-20 0.000000e+00 0.000000e+00
2.000000e-03 1.000000e-04 0.000000e+00 0.000000e+00
2.000000e-03 2.000000e-04 0.000000e+00 0.000000e+00
2.000000e-03 3.000000e-04 0.000000e+00 0.000000e+00
2.000000e-03 4.000000e-04 0.000000e+00 0.000000e+00
2.000000e-03 5.000000e-04 0.000000e+00 0.000000e+00
2.000000e-03 6.000000e-04 0.000000e+00 0.000000e+00
2.000000e-03 7.000000e-04 0.000000e+00 0.000000e+00
2.000000e-03 8.000000e-04 0.000000e+00 0.000000e+00
2.000000e-03 9.000000e-04 0.000000e+00 0.000000e+00
2.000000e-03 1.000000e-03 0.000000e+00 0.000000e+00
2.000000e-03 1.100000e-03 0.000000e+00 0.000000e+00
2.000000e-03 1.200000e-03 0.000000e+00 0.000000e+00
2.000000e-03 1.300000e-03 0.000000e+00 0.000000e+00
2.000000e-03 1.400000e-03 0.000000e+00 0.000000e+00
2.000000e-03 1.500000e-03 0.000000e+00 0.000000e+00
2.000000e-03 1.600000e-03 0.000000e+00 0.000000e+00
2.000000e-03 1.700000e-03 0.000000e+00 0.000000e+00
2.000000e-03 1.800000e-03 0.000000e+00 0.000000e+00
2.000000e-03 1.900000e-03 0.000000e+00 0.000000e+00
2.000000e-03 2.000000e-03 0.000000e+00 0.000000e+00
2.000000e-03 2.100000e-03 0.000000e+00 0.000000e+00
2.100000e-03 -2.000000e-03 8.761484e-04 8.886217e-04
2.100000e-03 -1.900000e-03 7.410143e-04 7.519822e-04
2.100000e-03 -1.800000e-03 6.709290e-04 6.814804e-04
2.100000e-03 -1.700000e-03 6.235673e-04 6.341549e-04
2.100000e-03 -1.600000e-03 5.872021e-04 5.980983e-04
2.100000e-03 -1.500000e-03 5.570248e-04 5.684329e-04
2.100000e-03 -1.400000e-03 5.306133e-04 5.427114e-04
2.100000e-03 -1.300000e-03 5.065654e-04 5.195305e-04
2.100000e-03 -1.200000e-03 4.839709e-04 4.979975e-04
2.100000e-03 -1.100000e-03 4.621698e-04 4.774882e-04
2.100000e-03 -1.000000e-03 4.406205e-04 4.575217e-04
2.100000e-03 -9.000000e-04 4.188124e-04 4.376847e-04
2.100000e-03 -8.000000e-04 3.961838e-04 4.175760e-04
2.100000e-03 -7.000000e-04 3.720112e-04 3.967508e-04
2.100000e-03 -6.000000e-04 3.452007e-04 3.746453e-04
2.100000e-03 -5.000000e-04 3.137744e-04 3.504418e-04
2.100000e-03 -4.000000e-04 2.731311e-04 3.227651e-04
2.100000e-03 -3.000000e-04 2.049008e-04 2.888127e-04
2.100000e-03 -2.000000e-04 0.000000e+00 2.406190e-04
2.100000e-03 -1.000000e-04 0.000000e+00 0.000000e+00
2.100000e-03 5.421011e-20 0.000000e+00 0.000000e+00
2.100000e-03 1.000000e-04 0.000000e+00 0.000000e+00
2.100000e-03 2.000000e-04 0.000000e+00 0.000000e+00
2.100000e-03 3.000000e-04 0.000000e+00 0.000000e+00
2.100000e-03 4.000000e-04 0.000000e+00 0.000000e+00
2.100000e-03 5.000000e-04 0.000000e+00 0.000000e+00
2.100000e-03 6.000000e-04 0.000000e+00 0.000000e+00
2.100000e-03 7.000000e-04 0.000000e+00 0.000000e+00
2.100000e-03 8.000000e-04 0.000000e+00 0.000000e+00
2.100000e-03 9.000000e-04 0.000000e+00 0.000000e+00
2.100000e-03 1.000000e-03 0.000000e+00 0.000000e+00
2.100000e-03 1.100000e-03 0.000000e+00 0.000000e+00
2.100000e-03 1.200000e-03 0.000000e+00 0.000000e+00
2.100000e-03 1.300000e-03 0.000000e+00 0.000000e+00
2.100000e-03 1.400000e-03 0.000000e+00 0.000000e+00
2.100000e-03 1.500000e-03 0.000000e+00 0.000000e+00
2.100000e-03 1.600000e-03 0.000000e+00 0.000000e+00
2.100000e-03 1.700000e-03 0.000000e+00 0.000000e+00
2.100000e-03 1.800000e-03 0.000000e+00 0.000000e+00
2.100000e-03 1.900000e-03 0.000000e+00 0.000000e+00
2.100000e-03 2.000000e-03 0.000000e+00 0.000000e+00
2.100000e-03 2.100000e-03 0.000000e+00 0.000000e+00
